0010250001   641.   518.   346.   132.    27.     0.     0.     0.     5.   125.   378.   621.   
0010250002   626.   487.   370.   129.    26.     0.     0.     0.     5.   115.   382.   586.   
0010250003   617.   482.   366.   126.    26.     0.     0.     0.     5.   115.   377.   586.   
0010250004   621.   490.   380.   129.    25.     0.     0.     0.     6.   121.   393.   597.   
0010250005   666.   515.   392.   119.    26.     0.     0.     0.     8.   134.   396.   621.   
0010250006   702.   537.   384.   126.    32.     1.     0.     0.     8.   149.   397.   616.   
0010250007   729.   543.   364.   136.    35.     0.     0.     0.     9.   149.   364.   615.   
0010250008   690.   509.   348.   147.    35.     1.     0.     0.     8.   143.   361.   601.   
0010250009   675.   497.   344.   140.    30.     0.     0.     0.     7.   132.   347.   602.   
0010250010   650.   477.   332.   127.    26.     0.     0.     0.     6.   119.   363.   569.   
0010250031   661.   512.   362.   134.    29.     0.     0.     0.     7.   132.   379.   609.   
0010250032   662.   518.   359.   132.    28.     0.     0.     0.     6.   131.   374.   610.   
0020250001   537.   382.   302.   148.    41.     3.     0.     0.     5.    74.   284.   532.   
0020250002   557.   392.   299.   143.    37.     3.     0.     0.     4.    70.   293.   520.   
0020250003   566.   391.   306.   137.    32.     3.     0.     0.     4.    64.   296.   494.   
0020250004   552.   403.   305.   129.    33.     3.     0.     0.     3.    58.   294.   487.   
0020250005   540.   392.   321.   139.    33.     3.     0.     0.     4.    59.   283.   498.   
0020250006   527.   383.   314.   147.    36.     3.     0.     0.     4.    58.   281.   498.   
0020250007   516.   367.   298.   139.    33.     3.     0.     0.     4.    62.   273.   501.   
0020250008   490.   350.   274.   131.    31.     2.     0.     0.     4.    60.   279.   490.   
0020250009   466.   346.   253.   116.    24.     2.     0.     0.     3.    55.   255.   489.   
0020250010   453.   339.   230.   107.    25.     2.     0.     0.     3.    47.   236.   477.   
0020250031   527.   378.   297.   138.    35.     3.     0.     0.     4.    63.   283.   504.   
0020250032   520.   376.   292.   135.    33.     3.     0.     0.     4.    63.   278.   503.   
0030250001   809.   650.   447.   191.    50.     3.     0.     2.    18.   168.   465.   764.   
0030250002   804.   616.   465.   183.    47.     2.     0.     2.    16.   154.   480.   735.   
0030250003   795.   611.   464.   171.    46.     2.     0.     1.    17.   147.   479.   725.   
0030250004   786.   619.   484.   176.    43.     2.     0.     1.    17.   148.   492.   728.   
0030250005   818.   634.   501.   164.    41.     2.     0.     2.    21.   159.   480.   747.   
0030250006   856.   649.   488.   172.    44.     3.     0.     2.    22.   171.   487.   745.   
0030250007   877.   659.   459.   174.    48.     3.     0.     2.    24.   175.   458.   765.   
0030250008   851.   622.   444.   189.    49.     3.     0.     2.    23.   170.   470.   756.   
0030250009   811.   613.   439.   181.    45.     2.     0.     2.    22.   171.   439.   754.   
0030250010   791.   600.   436.   175.    42.     2.     0.     2.    19.   162.   448.   716.   
0030250031   821.   634.   462.   182.    47.     3.     0.     2.    20.   163.   474.   751.   
0030250032   817.   640.   460.   179.    45.     3.     0.     2.    20.   164.   467.   750.   
0040250001   609.   494.   473.   356.   230.    76.    10.    11.    54.   192.   383.   582.   
0040250002   615.   501.   457.   343.   208.    69.     8.     9.    49.   185.   376.   571.   
0040250003   618.   498.   457.   332.   190.    72.     7.     9.    42.   174.   369.   553.   
0040250004   610.   503.   462.   322.   191.    73.     7.     9.    33.   165.   373.   544.   
0040250005   599.   485.   476.   339.   200.    78.     7.     9.    33.   161.   371.   557.   
0040250006   584.   467.   471.   349.   201.    68.     6.     7.    31.   154.   375.   555.   
0040250007   567.   454.   454.   333.   189.    61.     6.     5.    34.   149.   376.   563.   
0040250008   547.   443.   431.   311.   180.    55.     6.     5.    29.   145.   374.   547.   
0040250009   529.   440.   406.   299.   161.    51.     5.     3.    26.   141.   355.   542.   
0040250010   502.   429.   389.   286.   158.    45.     3.     2.    19.   125.   332.   524.   
0040250031   588.   478.   457.   332.   200.    69.     8.     8.    38.   165.   376.   560.   
0040250032   582.   475.   453.   333.   196.    66.     7.     8.    38.   165.   372.   558.   
0050250001  1276.  1071.   977.   685.   433.   165.    44.    67.   255.   597.   931.  1268.   
0050250002  1292.  1063.   981.   680.   412.   146.    33.    61.   241.   581.   943.  1254.   
0050250003  1289.  1051.   987.   658.   406.   150.    29.    51.   229.   554.   937.  1205.   
0050250004  1260.  1054.   993.   663.   399.   142.    25.    43.   215.   541.   941.  1167.   
0050250005  1257.  1044.  1021.   668.   397.   158.    28.    50.   237.   551.   929.  1178.   
0050250006  1267.  1031.   997.   680.   399.   142.    26.    54.   241.   556.   944.  1184.   
0050250007  1261.  1028.   961.   663.   400.   144.    25.    53.   247.   567.   925.  1215.   
0050250008  1237.  1002.   910.   664.   394.   135.    25.    47.   232.   567.   942.  1201.   
0050250009  1189.  1006.   891.   643.   374.   133.    21.    41.   221.   569.   905.  1200.   
0050250010  1175.  1003.   862.   641.   376.   119.    18.    38.   197.   562.   886.  1176.   
0050250031  1258.  1041.   967.   670.   406.   149.    31.    53.   237.   568.   934.  1211.   
0050250032  1252.  1047.   963.   665.   401.   147.    30.    52.   234.   569.   930.  1212.   
0060250001  1223.  1123.   918.   587.   274.    62.     6.    27.   122.   428.   767.  1123.   
0060250002  1199.  1096.   928.   592.   263.    52.     5.    20.   123.   423.   750.  1089.   
0060250003  1189.  1074.   902.   575.   254.    43.     4.    18.   113.   418.   728.  1093.   
0060250004  1175.  1045.   910.   551.   245.    41.     3.    15.   114.   401.   716.  1083.   
0060250005  1208.  1048.   904.   542.   261.    42.     4.    17.   114.   391.   704.  1099.   
0060250006  1212.  1051.   899.   542.   260.    44.     4.    15.   118.   414.   704.  1077.   
0060250007  1229.  1051.   880.   548.   255.    43.     3.    14.   118.   421.   698.  1072.   
0060250008  1192.  1012.   859.   535.   238.    39.     3.    11.   113.   427.   696.  1031.   
0060250009  1177.   980.   857.   513.   237.    33.     3.     9.    99.   412.   676.  1016.   
0060250010  1144.   977.   853.   507.   221.    28.     2.     7.    79.   381.   674.   976.   
0060250031  1202.  1063.   898.   558.   255.    47.     4.    18.   117.   417.   724.  1083.   
0060250032  1201.  1060.   899.   553.   254.    45.     4.    16.   113.   417.   718.  1076.   
0070250001  1022.   917.   706.   416.   143.    13.     0.     1.    42.   298.   632.   954.   
0070250002   997.   890.   725.   421.   140.     8.     0.     1.    42.   294.   613.   918.   
0070250003   980.   873.   701.   416.   134.     6.     0.     1.    38.   295.   592.   919.   
0070250004   971.   864.   730.   392.   123.     5.     0.     0.    37.   279.   593.   918.   
0070250005  1012.   873.   725.   385.   130.     5.     0.     0.    39.   275.   592.   938.   
0070250006  1034.   887.   720.   384.   136.     7.     0.     0.    37.   293.   593.   909.   
0070250007  1056.   887.   696.   400.   134.     6.     0.     0.    39.   295.   571.   899.   
0070250008  1008.   846.   678.   379.   127.     6.     0.     0.    35.   292.   565.   862.   
0070250009   983.   817.   668.   355.   123.     3.     0.     0.    31.   273.   540.   856.   
0070250010   950.   802.   661.   333.   111.     2.     0.     0.    23.   248.   541.   811.   
0070250031  1009.   880.   707.   398.   133.     8.     0.     1.    38.   290.   596.   916.   
0070250032  1006.   880.   705.   392.   132.     7.     0.     0.    37.   288.   587.   909.   
0080250001   224.   174.    96.    18.     0.     0.     0.     0.     0.     7.    90.   203.   
0080250002   213.   163.   107.    17.     0.     0.     0.     0.     0.     7.    89.   186.   
0080250003   207.   158.    99.    15.     0.     0.     0.     0.     0.     7.    85.   177.   
0080250004   216.   162.    99.    15.     0.     0.     0.     0.     0.     7.    83.   182.   
0080250005   226.   174.    97.    12.     0.     0.     0.     0.     0.     7.    84.   188.   
0080250006   235.   183.    91.    13.     0.     0.     0.     0.     0.     8.    80.   190.   
0080250007   239.   178.    86.    15.     0.     0.     0.     0.     0.     8.    72.   180.   
0080250008   221.   159.    80.    16.     0.     0.     0.     0.     0.     7.    62.   168.   
0080250009   224.   147.    81.    16.     0.     0.     0.     0.     0.     6.    61.   169.   
0080250010   208.   136.    74.    11.     0.     0.     0.     0.     0.     4.    61.   151.   
0080250031   223.   168.    93.    16.     0.     0.     0.     0.     0.     7.    80.   186.   
0080250032   225.   170.    91.    16.     0.     0.     0.     0.     0.     7.    78.   187.   
0090250001   679.   556.   390.   156.    32.     1.     0.     0.     6.   144.   414.   660.   
0090250002   660.   525.   411.   152.    33.     0.     0.     0.     6.   135.   415.   628.   
0090250003   645.   518.   407.   150.    34.     0.     0.     0.     6.   138.   410.   627.   
0090250004   645.   526.   423.   152.    32.     0.     0.     0.     7.   139.   417.   641.   
0090250005   686.   548.   430.   144.    35.     1.     0.     0.    10.   150.   419.   661.   
0090250006   716.   566.   416.   149.    41.     2.     0.     0.    10.   163.   411.   645.   
0090250007   741.   567.   392.   161.    45.     2.     0.     0.    12.   164.   381.   637.   
0090250008   703.   531.   376.   168.    45.     2.     0.     0.    10.   158.   376.   620.   
0090250009   688.   517.   371.   163.    41.     1.     0.     0.    10.   146.   366.   622.   
0090250010   662.   499.   360.   147.    36.     1.     0.     0.     7.   132.   379.   584.   
0090250031   685.   544.   399.   158.    37.     1.     0.     0.     8.   149.   404.   643.   
0090250032   684.   548.   395.   156.    36.     1.     0.     0.     8.   147.   398.   642.   
0100250001  1278.  1009.   881.   601.   383.   182.    43.    64.   252.   560.   894.  1221.   
0100250002  1283.  1022.   882.   594.   362.   161.    36.    59.   240.   554.   915.  1208.   
0100250003  1305.  1012.   884.   584.   347.   171.    33.    55.   233.   528.   907.  1178.   
0100250004  1273.  1016.   903.   582.   353.   176.    36.    59.   217.   527.   921.  1145.   
0100250005  1263.   976.   915.   609.   367.   185.    40.    62.   229.   546.   903.  1159.   
0100250006  1242.   965.   911.   625.   374.   172.    41.    65.   233.   554.   912.  1165.   
0100250007  1246.   967.   872.   612.   377.   162.    44.    60.   243.   558.   902.  1208.   
0100250008  1225.   960.   838.   594.   370.   165.    48.    55.   230.   553.   918.  1208.   
0100250009  1190.   966.   817.   585.   359.   160.    42.    48.   215.   550.   901.  1205.   
0100250010  1163.   941.   804.   587.   346.   158.    35.    41.   195.   546.   886.  1167.   
0100250031  1255.   989.   878.   598.   369.   174.    42.    59.   234.   548.   907.  1190.   
0100250032  1246.   988.   876.   597.   368.   171.    41.    59.   232.   550.   905.  1187.   
0110250001  1332.  1127.   856.   502.   229.    48.     6.    22.    94.   404.   789.  1205.   
0110250002  1308.  1081.   880.   501.   221.    41.     4.    17.    86.   391.   790.  1167.   
0110250003  1271.  1066.   868.   489.   224.    38.     3.    15.    87.   375.   799.  1170.   
0110250004  1259.  1072.   900.   482.   215.    34.     3.    13.    86.   363.   803.  1159.   
0110250005  1313.  1085.   900.   465.   217.    34.     5.    18.    94.   362.   792.  1182.   
0110250006  1369.  1097.   897.   466.   210.    34.     5.    18.    89.   380.   783.  1175.   
0110250007  1368.  1101.   854.   467.   210.    32.     5.    19.    90.   390.   755.  1193.   
0110250008  1337.  1052.   830.   471.   204.    31.     4.    18.    91.   390.   764.  1169.   
0110250009  1279.  1028.   815.   445.   202.    30.     5.    18.    85.   386.   731.  1159.   
0110250010  1269.  1030.   815.   451.   193.    27.     5.    16.    77.   375.   740.  1106.   
0110250031  1317.  1087.   865.   484.   216.    37.     5.    18.    91.   384.   783.  1180.   
0110250032  1310.  1091.   865.   474.   213.    36.     5.    18.    88.   384.   776.  1177.   
0120250001  1214.  1048.   795.   466.   199.    34.     4.    16.    79.   379.   736.  1118.   
0120250002  1193.   999.   824.   462.   194.    28.     3.    13.    73.   362.   738.  1078.   
0120250003  1164.   979.   806.   449.   195.    25.     2.    12.    74.   353.   739.  1080.   
0120250004  1147.   981.   835.   442.   186.    21.     2.    10.    75.   343.   747.  1077.   
0120250005  1201.  1005.   835.   424.   189.    23.     4.    14.    83.   347.   737.  1098.   
0120250006  1255.  1031.   832.   430.   189.    25.     4.    14.    81.   369.   731.  1082.   
0120250007  1270.  1042.   798.   436.   191.    24.     4.    16.    83.   378.   700.  1094.   
0120250008  1237.   991.   779.   438.   186.    24.     4.    15.    86.   373.   701.  1073.   
0120250009  1188.   963.   766.   409.   182.    22.     4.    14.    81.   363.   676.  1070.   
0120250010  1172.   955.   761.   404.   168.    19.     5.    13.    75.   345.   689.  1021.   
0120250031  1208.  1012.   806.   447.   191.    26.     3.    14.    80.   365.   727.  1091.   
0120250032  1204.  1016.   805.   437.   188.    25.     3.    13.    78.   364.   720.  1088.   
0130250001  1467.  1215.   915.   513.   227.    53.    11.    27.   121.   444.   862.  1325.   
0130250002  1456.  1176.   935.   510.   213.    44.     7.    24.   108.   429.   869.  1290.   
0130250003  1420.  1160.   931.   497.   220.    43.     8.    22.   111.   406.   879.  1286.   
0130250004  1423.  1176.   980.   505.   216.    40.     8.    21.   114.   400.   887.  1268.   
0130250005  1463.  1181.   993.   500.   222.    45.    12.    25.   134.   402.   872.  1295.   
0130250006  1517.  1193.   990.   502.   213.    41.    11.    26.   132.   424.   869.  1296.   
0130250007  1488.  1191.   931.   493.   212.    38.    10.    28.   130.   436.   852.  1330.   
0130250008  1464.  1144.   899.   497.   212.    37.    11.    27.   125.   440.   876.  1311.   
0130250009  1403.  1130.   883.   477.   212.    37.    11.    27.   120.   443.   841.  1294.   
0130250010  1407.  1142.   884.   489.   211.    33.    12.    27.   111.   436.   836.  1233.   
0130250031  1459.  1180.   936.   505.   218.    43.    10.    26.   123.   426.   871.  1303.   
0130250032  1451.  1187.   939.   496.   216.    42.    10.    25.   121.   428.   866.  1301.   
0140250001  1138.   904.   673.   347.   131.    19.     3.     7.    52.   283.   653.  1057.   
0140250002  1135.   872.   686.   339.   120.    14.     1.     6.    46.   266.   664.  1022.   
0140250003  1111.   848.   684.   320.   120.    13.     2.     5.    47.   246.   668.  1000.   
0140250004  1100.   862.   716.   327.   112.    12.     2.     4.    46.   238.   672.   982.   
0140250005  1120.   858.   734.   319.   109.    14.     3.     5.    56.   247.   660.  1012.   
0140250006  1167.   882.   716.   319.   109.    13.     2.     5.    57.   257.   669.  1007.   
0140250007  1154.   890.   669.   314.   112.    13.     1.     7.    60.   267.   652.  1039.   
0140250008  1132.   853.   646.   330.   117.    14.     1.     6.    58.   266.   668.  1020.   
0140250009  1069.   836.   632.   321.   112.    14.     1.     6.    57.   275.   635.  1015.   
0140250010  1057.   834.   618.   319.   110.    11.     2.     6.    53.   270.   629.   969.   
0140250031  1126.   873.   682.   332.   118.    15.     2.     6.    53.   262.   662.  1022.   
0140250032  1119.   880.   681.   326.   116.    14.     2.     6.    53.   265.   658.  1020.   
0150250001   975.   832.   613.   321.   115.    10.     0.     2.    40.   271.   604.   918.   
0150250002   957.   787.   639.   311.   114.     8.     0.     2.    39.   259.   601.   880.   
0150250003   938.   774.   622.   299.   113.     7.     0.     2.    39.   258.   599.   877.   
0150250004   934.   782.   652.   300.   106.     6.     0.     1.    40.   256.   614.   887.   
0150250005   985.   813.   658.   288.   109.     8.     1.     2.    49.   268.   613.   913.   
0150250006  1033.   837.   650.   298.   120.    11.     0.     2.    49.   292.   609.   897.   
0150250007  1057.   840.   614.   309.   126.    11.     1.     3.    53.   295.   572.   903.   
0150250008  1016.   792.   603.   314.   126.    10.     0.     2.    52.   288.   572.   882.   
0150250009   977.   770.   597.   292.   117.     8.     0.     2.    48.   271.   550.   885.   
0150250010   956.   757.   592.   275.   103.     7.     0.     1.    42.   256.   567.   840.   
0150250031   985.   808.   625.   310.   116.     9.     0.     2.    45.   273.   597.   899.   
0150250032   983.   815.   624.   303.   114.     9.     0.     2.    44.   272.   590.   898.   
0160250001   455.   344.   199.    51.     2.     0.     0.     0.     0.    49.   229.   425.   
0160250002   445.   316.   216.    52.     2.     0.     0.     0.     0.    42.   242.   399.   
0160250003   447.   313.   219.    49.     2.     0.     0.     0.     0.    41.   237.   389.   
0160250004   449.   324.   227.    52.     2.     0.     0.     0.     0.    46.   248.   395.   
0160250005   487.   353.   241.    45.     1.     0.     0.     0.     0.    53.   241.   412.   
0160250006   507.   372.   230.    48.     2.     0.     0.     0.     0.    59.   246.   420.   
0160250007   531.   380.   222.    50.     2.     0.     0.     0.     1.    59.   220.   426.   
0160250008   496.   345.   205.    58.     2.     0.     0.     0.     0.    55.   223.   416.   
0160250009   479.   334.   205.    53.     1.     0.     0.     0.     0.    49.   203.   412.   
0160250010   459.   311.   190.    48.     1.     0.     0.     0.     0.    42.   215.   386.   
0160250031   475.   344.   215.    52.     2.     0.     0.     0.     0.    51.   233.   414.   
0160250032   476.   350.   212.    51.     2.     0.     0.     0.     0.    50.   229.   416.   
0170250001  1516.  1358.  1137.   762.   436.   171.    50.   100.   260.   580.   937.  1360.   
0170250002  1494.  1338.  1145.   759.   421.   154.    45.    83.   255.   573.   925.  1339.   
0170250003  1481.  1312.  1118.   748.   414.   138.    41.    74.   242.   573.   900.  1339.   
0170250004  1446.  1268.  1113.   726.   399.   137.    38.    67.   240.   564.   881.  1321.   
0170250005  1458.  1273.  1102.   728.   412.   133.    41.    74.   246.   553.   867.  1316.   
0170250006  1457.  1275.  1102.   730.   408.   130.    41.    72.   254.   572.   874.  1314.   
0170250007  1480.  1275.  1095.   726.   401.   126.    38.    69.   254.   572.   877.  1314.   
0170250008  1469.  1244.  1081.   712.   384.   120.    34.    59.   248.   583.   872.  1274.   
0170250009  1454.  1217.  1080.   693.   382.   116.    34.    54.   221.   565.   848.  1237.   
0170250010  1417.  1218.  1079.   697.   376.   112.    30.    45.   196.   541.   845.  1203.   
0170250031  1478.  1293.  1111.   735.   409.   140.    42.    76.   250.   573.   895.  1320.   
0170250032  1476.  1288.  1112.   731.   408.   138.    41.    74.   245.   572.   889.  1311.   
0180250001  1031.   912.   691.   400.   136.    13.     0.     3.    49.   305.   643.   964.   
0180250002  1002.   880.   710.   405.   131.     8.     0.     2.    47.   297.   622.   924.   
0180250003   981.   863.   688.   398.   125.     6.     0.     2.    41.   294.   599.   919.   
0180250004   969.   856.   719.   375.   117.     5.     0.     1.    42.   282.   603.   922.   
0180250005  1012.   871.   715.   365.   123.     6.     0.     1.    44.   280.   602.   945.   
0180250006  1040.   885.   709.   366.   130.     8.     0.     1.    43.   299.   603.   920.   
0180250007  1063.   885.   683.   381.   129.     7.     0.     1.    44.   301.   581.   911.   
0180250008  1022.   844.   671.   362.   125.     7.     0.     1.    41.   298.   580.   879.   
0180250009   995.   821.   665.   338.   120.     4.     0.     1.    37.   283.   556.   878.   
0180250010   969.   810.   662.   319.   109.     2.     0.     1.    30.   262.   562.   838.   
0180250031  1015.   876.   696.   381.   127.     8.     0.     2.    44.   295.   607.   926.   
0180250032  1013.   878.   695.   375.   126.     7.     0.     1.    43.   294.   599.   921.   
0190250001  1246.  1142.   944.   621.   306.    83.    10.    41.   147.   454.   791.  1143.   
0190250002  1227.  1120.   957.   626.   296.    73.     9.    31.   145.   445.   772.  1116.   
0190250003  1221.  1100.   932.   608.   287.    62.     7.    28.   132.   439.   746.  1119.   
0190250004  1207.  1072.   940.   588.   276.    60.     6.    24.   132.   425.   732.  1109.   
0190250005  1234.  1076.   934.   580.   289.    58.     6.    26.   135.   416.   723.  1120.   
0190250006  1238.  1080.   932.   582.   288.    59.     6.    23.   141.   441.   729.  1106.   
0190250007  1257.  1081.   916.   589.   285.    59.     5.    22.   143.   448.   725.  1102.   
0190250008  1224.  1043.   898.   576.   270.    54.     5.    18.   136.   455.   720.  1061.   
0190250009  1209.  1012.   896.   557.   270.    49.     5.    16.   119.   439.   697.  1041.   
0190250010  1174.  1006.   893.   547.   253.    43.     4.    12.    96.   410.   694.  1002.   
0190250031  1231.  1089.   929.   596.   287.    65.     7.    28.   139.   442.   747.  1109.   
0190250032  1230.  1085.   930.   591.   285.    63.     7.    26.   135.   442.   740.  1101.   
0200250001  1381.  1247.  1012.   630.   324.    87.    18.    49.   148.   495.   852.  1241.   
0200250002  1351.  1203.  1038.   632.   307.    77.    14.    40.   143.   483.   852.  1205.   
0200250003  1320.  1175.  1014.   620.   307.    69.    13.    35.   139.   471.   846.  1205.   
0200250004  1302.  1166.  1033.   606.   295.    61.    12.    31.   139.   454.   844.  1193.   
0200250005  1348.  1174.  1019.   584.   303.    64.    16.    37.   147.   444.   829.  1206.   
0200250006  1378.  1187.  1016.   590.   294.    67.    16.    38.   149.   467.   824.  1200.   
0200250007  1379.  1187.   986.   590.   291.    69.    14.    39.   151.   482.   806.  1202.   
0200250008  1350.  1146.   966.   590.   281.    66.    14.    37.   154.   484.   813.  1178.   
0200250009  1309.  1114.   951.   556.   280.    59.    14.    33.   140.   472.   786.  1159.   
0200250010  1292.  1111.   946.   565.   264.    51.    14.    29.   124.   449.   784.  1116.   
0200250031  1350.  1188.  1004.   607.   301.    71.    15.    39.   147.   475.   834.  1205.   
0200250032  1344.  1188.  1006.   597.   297.    69.    15.    38.   144.   474.   828.  1201.   
0210250001  1797.  1497.  1186.   691.   367.   121.    41.    75.   247.   622.  1067.  1592.   
0210250002  1789.  1471.  1212.   697.   340.   109.    32.    66.   231.   617.  1083.  1565.   
0210250003  1735.  1451.  1204.   690.   345.   106.    29.    56.   228.   585.  1091.  1571.   
0210250004  1726.  1449.  1237.   689.   335.   101.    28.    51.   230.   573.  1090.  1542.   
0210250005  1757.  1449.  1225.   679.   349.   106.    34.    55.   249.   557.  1069.  1558.   
0210250006  1811.  1441.  1223.   679.   329.    99.    33.    59.   249.   576.  1063.  1562.   
0210250007  1773.  1423.  1163.   662.   321.    96.    30.    60.   246.   589.  1057.  1592.   
0210250008  1740.  1364.  1132.   657.   304.    93.    33.    58.   238.   598.  1075.  1563.   
0210250009  1657.  1344.  1109.   636.   313.    93.    32.    54.   217.   597.  1034.  1518.   
0210250010  1652.  1362.  1111.   665.   319.    87.    31.    52.   195.   590.  1015.  1455.   
0210250031  1761.  1439.  1186.   681.   337.   105.    34.    61.   240.   593.  1074.  1567.   
0210250032  1746.  1441.  1189.   671.   336.   104.    34.    61.   234.   594.  1067.  1558.   
0220250001   593.   470.   300.   103.    15.     0.     0.     0.     2.    99.   334.   569.   
0220250002   582.   439.   321.   102.    14.     0.     0.     0.     2.    90.   345.   538.   
0220250003   576.   435.   318.    96.    13.     0.     0.     0.     3.    89.   337.   531.   
0220250004   580.   444.   330.    98.    12.     0.     0.     0.     3.    94.   352.   540.   
0220250005   625.   473.   348.    89.    12.     0.     0.     0.     4.   106.   349.   563.   
0220250006   658.   494.   340.    96.    15.     0.     0.     0.     4.   118.   355.   566.   
0220250007   685.   503.   324.   102.    16.     0.     0.     0.     5.   121.   324.   571.   
0220250008   647.   465.   306.   114.    17.     0.     0.     0.     5.   114.   326.   558.   
0220250009   627.   455.   303.   108.    13.     0.     0.     0.     4.   106.   307.   557.   
0220250010   602.   433.   290.   100.    12.     0.     0.     0.     3.    96.   325.   527.   
0220250031   616.   466.   317.   103.    14.     0.     0.     0.     4.   104.   338.   559.   
0220250032   617.   473.   314.   102.    14.     0.     0.     0.     3.   104.   334.   560.   
0230250001  1140.   937.   678.   356.   130.    17.     2.     7.    57.   293.   655.  1042.   
0230250002  1132.   897.   698.   350.   124.    13.     1.     7.    51.   277.   666.  1005.   
0230250003  1107.   879.   696.   336.   128.    13.     2.     6.    54.   263.   672.   997.   
0230250004  1097.   887.   729.   339.   122.    11.     2.     6.    53.   257.   678.   987.   
0230250005  1131.   893.   742.   325.   122.    13.     3.     8.    63.   266.   665.  1011.   
0230250006  1182.   913.   728.   323.   121.    13.     2.     7.    60.   283.   665.  1007.   
0230250007  1176.   922.   683.   320.   126.    13.     1.     9.    64.   293.   640.  1037.   
0230250008  1154.   877.   660.   331.   128.    13.     1.     8.    65.   291.   654.  1021.   
0230250009  1097.   859.   651.   319.   125.    12.     2.     8.    65.   296.   622.  1015.   
0230250010  1090.   854.   647.   316.   118.    10.     2.     7.    60.   288.   627.   961.   
0230250031  1136.   902.   693.   340.   126.    14.     2.     7.    60.   280.   660.  1019.   
0230250032  1130.   909.   693.   333.   124.    13.     2.     7.    59.   282.   654.  1017.   
0240250001  1463.  1224.  1107.   765.   537.   298.   122.   157.   406.   724.  1050.  1367.   
0240250002  1460.  1229.  1104.   763.   508.   269.   104.   143.   388.   723.  1065.  1356.   
0240250003  1463.  1209.  1104.   748.   495.   285.    97.   136.   382.   694.  1065.  1339.   
0240250004  1449.  1215.  1136.   759.   495.   294.   102.   139.   366.   686.  1070.  1294.   
0240250005  1458.  1160.  1152.   777.   519.   307.   113.   143.   386.   695.  1063.  1321.   
0240250006  1470.  1143.  1132.   794.   521.   287.   115.   147.   384.   700.  1075.  1318.   
0240250007  1423.  1131.  1074.   768.   519.   270.   116.   140.   395.   705.  1070.  1366.   
0240250008  1396.  1124.  1031.   751.   508.   270.   124.   134.   378.   711.  1085.  1350.   
0240250009  1319.  1117.  1008.   742.   504.   272.   109.   122.   361.   714.  1052.  1348.   
0240250010  1306.  1127.  1004.   749.   500.   271.    98.   112.   332.   712.  1033.  1305.   
0240250031  1437.  1178.  1095.   763.   514.   287.   115.   142.   385.   706.  1065.  1339.   
0240250032  1423.  1177.  1096.   760.   514.   286.   113.   141.   381.   709.  1065.  1334.   
0250250001  1352.  1108.   865.   489.   224.    53.    12.    20.   115.   421.   824.  1269.   
0250250002  1356.  1088.   876.   477.   207.    41.     7.    17.   100.   403.   835.  1235.   
0250250003  1335.  1073.   875.   457.   210.    41.     8.    13.   101.   377.   844.  1214.   
0250250004  1341.  1094.   923.   473.   205.    39.     8.    11.   100.   372.   848.  1188.   
0250250005  1363.  1075.   943.   472.   206.    45.    10.    15.   124.   383.   838.  1220.   
0250250006  1408.  1084.   923.   468.   198.    38.     9.    16.   123.   397.   844.  1221.   
0250250007  1364.  1077.   865.   451.   195.    36.     8.    18.   126.   409.   833.  1256.   
0250250008  1332.  1035.   831.   461.   200.    36.    10.    18.   115.   407.   855.  1226.   
0250250009  1263.  1021.   812.   451.   198.    38.    10.    17.   112.   410.   816.  1211.   
0250250010  1267.  1030.   797.   458.   200.    33.    11.    17.   102.   404.   799.  1163.   
0250250031  1348.  1078.   878.   473.   208.    43.    10.    17.   114.   399.   840.  1231.   
0250250032  1337.  1084.   879.   467.   206.    42.    10.    17.   113.   402.   836.  1226.   
0260250001   782.   584.   478.   284.   136.    37.     4.     8.    49.   211.   481.   775.   
0260250002   802.   604.   470.   278.   125.    32.     2.     6.    44.   205.   489.   764.   
0260250003   814.   602.   483.   272.   117.    36.     2.     7.    42.   196.   495.   743.   
0260250004   809.   619.   506.   270.   124.    37.     2.     7.    38.   193.   516.   738.   
0260250005   792.   591.   527.   296.   128.    40.     3.     8.    40.   193.   507.   749.   
0260250006   773.   571.   513.   307.   132.    35.     3.     8.    40.   187.   502.   745.   
0260250007   762.   559.   488.   297.   124.    32.     3.     7.    44.   189.   488.   751.   
0260250008   741.   548.   456.   280.   123.    32.     4.     7.    40.   189.   495.   736.   
0260250009   716.   551.   434.   268.   111.    31.     3.     5.    38.   186.   475.   739.   
0260250010   693.   540.   416.   262.   112.    29.     2.     4.    32.   176.   458.   727.   
0260250031   776.   581.   484.   283.   127.    36.     3.     7.    42.   196.   495.   751.   
0260250032   769.   579.   481.   283.   125.    35.     3.     7.    42.   195.   491.   752.   
0270250001  1456.  1310.  1092.   714.   375.   134.    34.    90.   236.   574.   933.  1327.   
0270250002  1436.  1286.  1106.   718.   366.   120.    32.    75.   236.   566.   914.  1300.   
0270250003  1427.  1270.  1082.   705.   359.   101.    29.    71.   222.   564.   890.  1304.   
0270250004  1405.  1237.  1087.   686.   345.    95.    26.    64.   222.   551.   877.  1295.   
0270250005  1431.  1244.  1075.   681.   359.    95.    28.    68.   224.   537.   867.  1304.   
0270250006  1433.  1243.  1072.   686.   356.    96.    28.    65.   234.   561.   871.  1296.   
0270250007  1454.  1242.  1056.   687.   350.    99.    26.    62.   237.   568.   870.  1294.   
0270250008  1426.  1207.  1042.   675.   335.    93.    25.    56.   234.   579.   864.  1250.   
0270250009  1409.  1178.  1042.   651.   337.    88.    24.    50.   208.   563.   842.  1222.   
0270250010  1374.  1177.  1042.   651.   322.    80.    20.    42.   181.   535.   840.  1185.   
0270250031  1433.  1255.  1074.   693.   355.   106.    29.    70.   231.   565.   890.  1294.   
0270250032  1432.  1251.  1077.   688.   353.   103.    28.    67.   225.   564.   884.  1287.   
0280250001  1140.  1032.   830.   506.   210.    35.     2.    14.    83.   375.   718.  1056.   
0280250002  1114.  1004.   843.   511.   203.    28.     2.    10.    83.   369.   697.  1020.   
0280250003  1098.   985.   818.   501.   196.    22.     1.    10.    75.   365.   675.  1021.   
0280250004  1084.   965.   836.   475.   183.    19.     1.     7.    74.   344.   667.  1015.   
0280250005  1122.   972.   826.   465.   192.    19.     1.     6.    73.   337.   658.  1029.   
0280250006  1135.   978.   817.   463.   196.    21.     1.     5.    73.   357.   655.  1002.   
0280250007  1155.   975.   793.   474.   191.    20.     1.     5.    74.   362.   638.   991.   
0280250008  1109.   933.   774.   457.   181.    19.     1.     5.    70.   363.   634.   954.   
0280250009  1083.   899.   766.   434.   176.    14.     1.     4.    62.   348.   609.   941.   
0280250010  1051.   888.   759.   417.   162.    10.     1.     3.    48.   321.   610.   898.   
0280250031  1118.   981.   815.   481.   193.    24.     1.     8.    76.   360.   671.  1011.   
0280250032  1115.   979.   813.   475.   191.    22.     1.     7.    73.   359.   662.  1005.   
0290250001   946.   735.   634.   393.   173.    31.     6.    11.    77.   336.   667.   967.   
0290250002   973.   742.   644.   393.   166.    28.     5.    11.    73.   320.   678.   951.   
0290250003   978.   737.   650.   377.   156.    28.     5.    10.    67.   306.   678.   920.   
0290250004   958.   748.   651.   375.   158.    26.     4.     9.    62.   302.   685.   911.   
0290250005   956.   748.   671.   376.   154.    29.     4.    10.    66.   307.   669.   920.   
0290250006   949.   750.   654.   390.   165.    27.     3.    11.    71.   313.   674.   923.   
0290250007   961.   742.   637.   384.   165.    29.     4.    12.    78.   320.   654.   924.   
0290250008   928.   710.   602.   383.   160.    27.     4.    11.    72.   316.   660.   915.   
0290250009   901.   700.   587.   357.   138.    25.     4.     9.    66.   303.   631.   906.   
0290250010   885.   683.   552.   338.   133.    20.     2.     7.    55.   284.   614.   889.   
0290250031   948.   734.   635.   383.   162.    29.     5.    10.    71.   318.   667.   931.   
0290250032   943.   734.   628.   378.   157.    28.     4.    10.    70.   316.   661.   929.   
0300250001  1249.  1144.   946.   601.   286.    65.     9.    30.   122.   430.   774.  1132.   
0300250002  1223.  1114.   958.   605.   275.    57.     8.    24.   121.   422.   757.  1098.   
0300250003  1211.  1094.   934.   593.   269.    48.     7.    23.   112.   418.   735.  1104.   
0300250004  1200.  1071.   945.   567.   256.    43.     6.    18.   112.   400.   726.  1097.   
0300250005  1238.  1079.   937.   557.   269.    44.     7.    20.   112.   390.   715.  1112.   
0300250006  1247.  1085.   930.   558.   267.    46.     7.    19.   116.   412.   718.  1092.   
0300250007  1260.  1084.   909.   564.   261.    48.     7.    19.   119.   419.   710.  1085.   
0300250008  1222.  1045.   892.   552.   247.    44.     7.    18.   118.   425.   708.  1049.   
0300250009  1199.  1013.   887.   525.   245.    38.     7.    16.   104.   410.   683.  1030.   
0300250010  1169.  1006.   882.   522.   228.    33.     6.    13.    87.   382.   682.   990.   
0300250031  1230.  1091.   929.   574.   265.    50.     7.    22.   117.   416.   734.  1096.   
0300250032  1227.  1087.   930.   567.   263.    48.     7.    21.   113.   416.   727.  1089.   
0310250001   772.   659.   476.   233.    60.     4.     0.     0.    19.   199.   497.   753.   
0310250002   752.   623.   495.   226.    59.     3.     0.     0.    17.   185.   485.   719.   
0310250003   740.   617.   483.   213.    57.     2.     0.     0.    15.   188.   472.   719.   
0310250004   738.   624.   509.   204.    51.     2.     0.     0.    16.   187.   475.   733.   
0310250005   783.   652.   516.   198.    55.     4.     0.     0.    20.   196.   476.   756.   
0310250006   810.   668.   510.   204.    63.     6.     0.     0.    20.   214.   472.   737.   
0310250007   837.   668.   487.   220.    68.     6.     0.     0.    22.   217.   447.   727.   
0310250008   797.   630.   472.   217.    68.     5.     0.     0.    19.   213.   445.   707.   
0310250009   782.   611.   467.   206.    64.     3.     0.     0.    19.   199.   430.   707.   
0310250010   753.   592.   458.   187.    57.     3.     0.     0.    15.   182.   445.   667.   
0310250031   778.   645.   488.   218.    60.     4.     0.     0.    19.   201.   472.   734.   
0310250032   778.   648.   486.   216.    60.     4.     0.     0.    18.   200.   465.   732.   
0320250001  1868.  1568.  1261.   714.   396.   148.    56.    85.   294.   676.  1147.  1671.   
0320250002  1873.  1543.  1261.   718.   362.   132.    42.    70.   269.   675.  1166.  1638.   
0320250003  1818.  1525.  1255.   713.   366.   136.    37.    62.   264.   640.  1176.  1632.   
0320250004  1826.  1530.  1297.   720.   355.   136.    36.    56.   261.   629.  1175.  1594.   
0320250005  1844.  1513.  1304.   723.   385.   143.    44.    60.   285.   615.  1153.  1623.   
0320250006  1885.  1490.  1288.   727.   361.   127.    45.    65.   282.   627.  1152.  1622.   
0320250007  1815.  1461.  1219.   703.   351.   122.    41.    65.   286.   638.  1149.  1658.   
0320250008  1787.  1401.  1185.   693.   330.   121.    49.    64.   276.   655.  1174.  1625.   
0320250009  1706.  1396.  1171.   676.   351.   128.    46.    61.   261.   666.  1133.  1593.   
0320250010  1710.  1425.  1185.   712.   361.   120.    47.    60.   238.   668.  1116.  1542.   
0320250031  1834.  1500.  1250.   713.   364.   134.    47.    68.   279.   648.  1161.  1633.   
0320250032  1819.  1505.  1260.   705.   365.   134.    47.    68.   275.   655.  1160.  1626.   
0330250001  1201.  1056.   829.   507.   222.    44.     5.    20.    90.   400.   750.  1105.   
0330250002  1176.  1012.   861.   506.   218.    37.     4.    17.    89.   389.   746.  1067.   
0330250003  1152.   994.   841.   497.   216.    32.     4.    17.    86.   384.   740.  1071.   
0330250004  1137.   992.   868.   485.   205.    28.     4.    13.    87.   373.   744.  1072.   
0330250005  1191.  1015.   863.   465.   211.    30.     5.    17.    95.   372.   735.  1094.   
0330250006  1237.  1039.   857.   470.   212.    34.     5.    16.    94.   396.   731.  1075.   
0330250007  1252.  1043.   823.   478.   214.    35.     5.    17.    98.   399.   703.  1075.   
0330250008  1212.   996.   807.   472.   209.    34.     4.    16.    98.   395.   702.  1047.   
0330250009  1169.   968.   800.   439.   207.    29.     4.    13.    92.   379.   675.  1042.   
0330250010  1152.   963.   795.   430.   187.    24.     4.    11.    81.   360.   685.   996.   
0330250031  1193.  1020.   837.   487.   213.    35.     4.    17.    93.   389.   731.  1078.   
0330250032  1189.  1024.   836.   476.   210.    34.     4.    15.    90.   387.   723.  1074.   
0340250001   881.   685.   474.   194.    45.     1.     0.     1.    18.   160.   469.   823.   
0340250002   877.   654.   486.   189.    40.     1.     0.     1.    16.   145.   488.   795.   
0340250003   871.   641.   492.   175.    40.     0.     0.     1.    17.   133.   489.   774.   
0340250004   859.   649.   514.   184.    38.     1.     0.     0.    17.   133.   504.   768.   
0340250005   887.   658.   538.   175.    38.     1.     0.     1.    21.   145.   492.   790.   
0340250006   922.   678.   515.   179.    40.     1.     0.     0.    22.   153.   504.   792.   
0340250007   931.   691.   486.   179.    42.     1.     0.     1.    25.   160.   483.   822.   
0340250008   906.   656.   467.   196.    45.     2.     0.     1.    25.   158.   496.   809.   
0340250009   852.   642.   457.   192.    41.     2.     0.     1.    24.   165.   462.   804.   
0340250010   831.   631.   438.   189.    41.     1.     0.     1.    22.   159.   459.   763.   
0340250031   886.   665.   489.   189.    42.     1.     0.     1.    21.   151.   488.   801.   
0340250032   882.   672.   486.   185.    41.     1.     0.     1.    20.   153.   483.   801.   
0350250001   918.   727.   692.   533.   396.   221.    86.    86.   209.   431.   681.   878.   
0350250002   910.   734.   681.   522.   376.   200.    80.    76.   194.   425.   691.   865.   
0350250003   925.   723.   678.   511.   353.   195.    74.    78.   180.   414.   681.   846.   
0350250004   902.   723.   698.   511.   352.   202.    74.    82.   165.   410.   682.   820.   
0350250005   895.   694.   708.   539.   371.   204.    76.    84.   167.   422.   667.   824.   
0350250006   874.   685.   708.   553.   382.   202.    76.    83.   166.   416.   671.   821.   
0350250007   858.   681.   676.   544.   384.   192.    79.    73.   173.   415.   666.   844.   
0350250008   840.   680.   659.   524.   369.   198.    74.    67.   159.   411.   669.   841.   
0350250009   809.   676.   646.   517.   355.   191.    65.    58.   152.   412.   660.   845.   
0350250010   795.   674.   648.   515.   335.   184.    52.    48.   137.   405.   647.   828.   
0350250031   884.   705.   684.   527.   374.   205.    78.    78.   177.   418.   674.   844.   
0350250032   875.   702.   684.   529.   373.   204.    76.    77.   177.   420.   674.   842.   
0360250001  1192.  1064.   846.   516.   221.    44.     6.    23.   103.   411.   758.  1105.   
0360250002  1167.  1031.   869.   522.   216.    37.     5.    19.   104.   408.   744.  1068.   
0360250003  1150.  1017.   851.   518.   212.    32.     5.    20.    99.   408.   729.  1071.   
0360250004  1135.  1007.   877.   498.   204.    30.     5.    16.   102.   393.   731.  1074.   
0360250005  1182.  1023.   870.   488.   216.    32.     6.    18.   107.   388.   724.  1093.   
0360250006  1207.  1036.   864.   491.   224.    37.     7.    17.   105.   411.   722.  1070.   
0360250007  1227.  1036.   838.   502.   222.    38.     7.    17.   108.   415.   701.  1060.   
0360250008  1183.   992.   823.   487.   214.    36.     6.    16.   106.   417.   701.  1028.   
0360250009  1153.   962.   816.   460.   209.    30.     6.    14.    98.   402.   675.  1020.   
0360250010  1131.   955.   813.   448.   192.    25.     5.    12.    83.   379.   679.   978.   
0360250031  1179.  1027.   851.   502.   215.    36.     6.    18.   105.   407.   728.  1072.   
0360250032  1175.  1027.   850.   495.   213.    35.     6.    17.   101.   406.   719.  1066.   
0370250001  1194.  1099.   917.   609.   305.    83.    11.    36.   129.   422.   751.  1100.   
0370250002  1176.  1073.   927.   613.   296.    74.    10.    28.   127.   417.   733.  1069.   
0370250003  1165.  1051.   901.   596.   287.    64.     8.    26.   113.   409.   707.  1068.   
0370250004  1148.  1022.   906.   575.   275.    60.     6.    20.   111.   393.   692.  1054.   
0370250005  1172.  1027.   900.   563.   285.    56.     6.    21.   111.   380.   682.  1064.   
0370250006  1177.  1033.   894.   558.   279.    55.     5.    17.   115.   403.   686.  1046.   
0370250007  1195.  1033.   877.   564.   275.    53.     4.    16.   116.   409.   682.  1043.   
0370250008  1163.   995.   856.   549.   257.    47.     3.    12.   109.   414.   676.  1003.   
0370250009  1148.   964.   853.   530.   257.    41.     3.    11.    95.   399.   654.   986.   
0370250010  1113.   958.   848.   520.   239.    35.     2.     8.    77.   369.   648.   944.   
0370250031  1173.  1042.   895.   578.   282.    62.     7.    23.   117.   407.   705.  1056.   
0370250032  1171.  1038.   894.   572.   279.    60.     7.    21.   113.   407.   698.  1048.   
0380250001   643.   534.   367.   141.    23.     0.     0.     0.     3.   127.   393.   627.   
0380250002   623.   502.   386.   134.    24.     0.     0.     0.     3.   117.   388.   598.   
0380250003   611.   495.   375.   125.    22.     0.     0.     0.     2.   117.   376.   596.   
0380250004   611.   501.   393.   121.    19.     0.     0.     0.     2.   117.   377.   613.   
0380250005   654.   526.   400.   116.    20.     0.     0.     0.     4.   126.   378.   632.   
0380250006   680.   542.   391.   121.    25.     0.     0.     0.     4.   139.   373.   615.   
0380250007   706.   541.   367.   131.    27.     0.     0.     0.     4.   140.   348.   604.   
0380250008   668.   505.   352.   132.    27.     0.     0.     0.     3.   136.   343.   589.   
0380250009   657.   490.   347.   127.    25.     0.     0.     0.     3.   125.   332.   590.   
0380250010   627.   473.   339.   112.    22.     0.     0.     0.     2.   112.   347.   552.   
0380250031   650.   520.   373.   131.    23.     0.     0.     0.     3.   128.   372.   613.   
0380250032   650.   524.   371.   130.    23.     0.     0.     0.     3.   126.   365.   611.   
0390250001  1553.  1302.  1035.   611.   327.   112.    35.    44.   200.   545.   968.  1424.   
0390250002  1555.  1283.  1050.   611.   302.    94.    25.    37.   179.   538.   982.  1395.   
0390250003  1528.  1261.  1049.   594.   303.    99.    23.    30.   178.   509.   991.  1377.   
0390250004  1522.  1274.  1099.   607.   296.    96.    22.    27.   176.   500.   992.  1352.   
0390250005  1543.  1252.  1112.   606.   307.   105.    28.    31.   203.   502.   979.  1381.   
0390250006  1589.  1250.  1093.   608.   294.    91.    27.    32.   197.   514.   986.  1388.   
0390250007  1541.  1231.  1027.   587.   288.    87.    24.    34.   201.   527.   981.  1423.   
0390250008  1508.  1185.   993.   593.   285.    88.    29.    34.   191.   534.  1007.  1394.   
0390250009  1427.  1171.   978.   584.   291.    92.    28.    32.   184.   541.   965.  1371.   
0390250010  1436.  1191.   974.   607.   302.    86.    29.    33.   166.   541.   945.  1323.   
0390250031  1534.  1252.  1046.   605.   302.    98.    29.    35.   192.   524.   985.  1393.   
0390250032  1521.  1257.  1052.   598.   302.    98.    28.    35.   189.   528.   983.  1386.   
0400250001   841.   704.   504.   239.    77.     4.     0.     0.    23.   221.   531.   811.   
0400250002   830.   671.   533.   232.    75.     3.     0.     0.    21.   207.   533.   777.   
0400250003   821.   668.   525.   226.    76.     2.     0.     0.    22.   208.   531.   778.   
0400250004   820.   677.   548.   230.    70.     2.     0.     0.    23.   210.   547.   786.   
0400250005   865.   702.   558.   219.    72.     3.     0.     0.    29.   224.   544.   810.   
0400250006   905.   722.   549.   226.    80.     5.     0.     0.    28.   242.   539.   797.   
0400250007   933.   727.   520.   239.    87.     4.     0.     0.    32.   245.   502.   802.   
0400250008   892.   686.   507.   248.    88.     4.     0.     0.    31.   238.   502.   784.   
0400250009   865.   667.   501.   236.    80.     3.     0.     0.    29.   225.   483.   787.   
0400250010   839.   650.   493.   219.    71.     2.     0.     0.    24.   209.   500.   746.   
0400250031   861.   695.   523.   237.    78.     3.     0.     0.    26.   225.   527.   797.   
0400250032   860.   701.   520.   234.    77.     3.     0.     0.    26.   224.   519.   797.   
0410250001   530.   395.   248.    69.     7.     0.     0.     0.     2.    56.   259.   499.   
0410250002   536.   376.   265.    69.     6.     0.     0.     0.     1.    48.   276.   484.   
0410250003   541.   371.   266.    64.     6.     0.     0.     0.     1.    45.   269.   462.   
0410250004   524.   378.   271.    66.     6.     0.     0.     0.     1.    46.   280.   456.   
0410250005   553.   393.   285.    60.     5.     0.     0.     0.     2.    53.   266.   466.   
0410250006   566.   405.   264.    62.     6.     0.     0.     0.     2.    57.   277.   471.   
0410250007   579.   410.   248.    61.     6.     0.     0.     0.     3.    57.   250.   485.   
0410250008   542.   372.   226.    69.     6.     0.     0.     0.     3.    53.   257.   476.   
0410250009   507.   360.   225.    64.     5.     0.     0.     0.     2.    49.   230.   469.   
0410250010   491.   338.   208.    60.     5.     0.     0.     0.     2.    46.   233.   437.   
0410250031   539.   386.   253.    66.     6.     0.     0.     0.     2.    53.   263.   477.   
0410250032   535.   389.   249.    65.     6.     0.     0.     0.     2.    53.   259.   477.   
0420250001  1270.  1028.   932.   652.   420.   184.    42.    62.   252.   590.   906.  1243.   
0420250002  1282.  1027.   927.   643.   394.   163.    35.    56.   231.   566.   916.  1219.   
0420250003  1301.  1027.   934.   632.   385.   177.    33.    53.   220.   540.   914.  1187.   
0420250004  1269.  1035.   942.   627.   389.   175.    33.    51.   204.   529.   926.  1161.   
0420250005  1259.  1019.   966.   657.   397.   193.    35.    56.   222.   542.   910.  1182.   
0420250006  1243.  1010.   956.   675.   405.   176.    32.    59.   228.   545.   916.  1197.   
0420250007  1264.  1014.   928.   662.   407.   170.    33.    56.   237.   555.   903.  1222.   
0420250008  1238.  1000.   882.   645.   401.   162.    35.    49.   221.   552.   922.  1208.   
0420250009  1213.  1000.   859.   624.   381.   155.    31.    42.   207.   547.   898.  1202.   
0420250010  1183.   972.   829.   625.   374.   146.    26.    38.   188.   538.   876.  1183.   
0420250031  1258.  1018.   925.   647.   402.   176.    36.    54.   228.   557.   913.  1206.   
0420250032  1254.  1020.   923.   644.   401.   173.    36.    54.   226.   559.   911.  1209.   
0430250001  1546.  1401.  1179.   766.   415.   156.    52.   111.   268.   613.   985.  1404.   
0430250002  1527.  1375.  1196.   770.   406.   143.    47.    94.   266.   605.   967.  1376.   
0430250003  1516.  1357.  1168.   759.   398.   124.    45.    90.   253.   603.   942.  1383.   
0430250004  1504.  1327.  1174.   732.   382.   115.    42.    85.   254.   590.   929.  1377.   
0430250005  1537.  1333.  1160.   727.   397.   117.    46.    93.   257.   576.   916.  1384.   
0430250006  1539.  1337.  1155.   736.   391.   121.    48.    91.   270.   601.   923.  1375.   
0430250007  1548.  1335.  1140.   735.   383.   126.    45.    89.   273.   609.   925.  1371.   
0430250008  1517.  1301.  1126.   726.   366.   120.    44.    82.   273.   622.   922.  1329.   
0430250009  1495.  1265.  1123.   696.   373.   114.    43.    74.   245.   606.   895.  1299.   
0430250010  1462.  1260.  1124.   707.   357.   106.    37.    65.   217.   576.   892.  1256.   
0430250031  1528.  1347.  1160.   742.   391.   129.    47.    94.   265.   604.   943.  1373.   
0430250032  1523.  1340.  1161.   736.   389.   127.    46.    90.   260.   604.   937.  1364.   
0440250001   943.   823.   618.   349.   115.    13.     0.     3.    46.   280.   605.   904.   
0440250002   923.   788.   641.   351.   113.     9.     0.     2.    44.   272.   589.   866.   
0440250003   905.   776.   625.   340.   109.     7.     0.     2.    40.   273.   571.   861.   
0440250004   899.   777.   654.   321.   100.     6.     0.     1.    41.   264.   575.   869.   
0440250005   943.   800.   654.   312.   106.     8.     0.     1.    47.   269.   575.   894.   
0440250006   973.   818.   647.   317.   116.    11.     1.     1.    45.   290.   575.   871.   
0440250007   998.   819.   624.   335.   119.    10.     1.     1.    48.   294.   551.   863.   
0440250008   956.   777.   613.   322.   118.     9.     0.     1.    44.   290.   550.   835.   
0440250009   930.   754.   608.   303.   114.     6.     0.     1.    43.   275.   529.   837.   
0440250010   903.   738.   600.   282.   103.     5.     0.     1.    35.   255.   539.   797.   
0440250031   941.   799.   631.   332.   112.     9.     0.     2.    45.   280.   576.   874.   
0440250032   939.   802.   629.   327.   111.     9.     0.     1.    43.   278.   568.   870.   
0450250001   976.   770.   711.   527.   371.   213.   103.   109.   241.   473.   704.   900.   
0450250002   956.   775.   700.   513.   359.   200.   103.   102.   230.   466.   714.   885.   
0450250003   971.   764.   697.   506.   345.   196.    99.   103.   221.   458.   714.   878.   
0450250004   957.   766.   719.   510.   344.   206.   100.   109.   212.   459.   721.   860.   
0450250005   963.   734.   729.   535.   359.   204.    98.   110.   213.   470.   715.   876.   
0450250006   948.   727.   733.   545.   368.   208.   100.   109.   213.   471.   721.   870.   
0450250007   918.   720.   696.   537.   370.   199.   101.    96.   213.   474.   711.   897.   
0450250008   897.   720.   679.   516.   353.   203.    96.    88.   200.   473.   714.   892.   
0450250009   854.   715.   665.   510.   344.   192.    86.    78.   193.   469.   703.   897.   
0450250010   851.   717.   671.   508.   324.   187.    75.    69.   179.   461.   695.   873.   
0450250031   942.   746.   704.   522.   359.   205.   100.   102.   217.   468.   711.   884.   
0450250032   932.   743.   704.   522.   358.   203.    97.   100.   217.   470.   712.   881.   
0460250001  1047.   907.   703.   420.   172.    33.     4.    12.    75.   352.   692.   993.   
0460250002  1029.   875.   741.   419.   172.    28.     4.    10.    73.   347.   684.   962.   
0460250003  1013.   868.   734.   408.   169.    23.     3.    11.    71.   347.   674.   965.   
0460250004  1008.   871.   764.   397.   158.    22.     3.     7.    73.   338.   681.   975.   
0460250005  1063.   899.   758.   388.   165.    25.     4.    10.    83.   345.   679.  1001.   
0460250006  1105.   922.   747.   401.   176.    33.     5.     9.    80.   372.   678.   979.   
0460250007  1128.   926.   716.   416.   184.    33.     5.    11.    85.   376.   649.   974.   
0460250008  1081.   880.   708.   408.   184.    32.     4.     9.    83.   371.   648.   947.   
0460250009  1051.   856.   702.   378.   180.    26.     4.     8.    80.   354.   625.   951.   
0460250010  1029.   841.   696.   358.   162.    23.     4.     7.    69.   334.   637.   907.   
0460250031  1056.   893.   727.   408.   172.    29.     4.    10.    79.   355.   673.   977.   
0460250032  1055.   898.   724.   401.   171.    28.     4.     9.    77.   354.   664.   974.   
0470250001  1563.  1331.  1059.   641.   333.    99.    25.    59.   179.   529.   936.  1386.   
0470250002  1540.  1300.  1090.   650.   317.    90.    20.    51.   169.   523.   941.  1355.   
0470250003  1497.  1280.  1079.   641.   321.    86.    19.    44.   169.   503.   944.  1363.   
0470250004  1480.  1280.  1108.   632.   315.    82.    19.    40.   171.   492.   949.  1346.   
0470250005  1527.  1284.  1099.   615.   324.    87.    24.    46.   187.   483.   936.  1366.   
0470250006  1577.  1290.  1099.   624.   313.    87.    24.    50.   187.   504.   931.  1364.   
0470250007  1563.  1281.  1051.   618.   309.    85.    21.    50.   186.   518.   912.  1383.   
0470250008  1533.  1231.  1026.   621.   300.    81.    22.    48.   183.   525.   924.  1356.   
0470250009  1465.  1201.  1006.   592.   302.    77.    22.    44.   167.   521.   888.  1330.   
0470250010  1454.  1210.  1005.   615.   297.    72.    22.    41.   152.   509.   881.  1270.   
0470250031  1532.  1283.  1065.   631.   316.    88.    22.    50.   179.   512.   933.  1364.   
0470250032  1520.  1283.  1067.   621.   314.    85.    22.    48.   175.   513.   927.  1359.   
0480250001  1436.  1212.  1106.   779.   525.   247.    83.   109.   356.   711.  1045.  1395.   
0480250002  1442.  1202.  1107.   779.   498.   220.    67.   100.   335.   694.  1056.  1372.   
0480250003  1448.  1186.  1110.   754.   489.   234.    62.    89.   326.   661.  1050.  1330.   
0480250004  1414.  1185.  1122.   759.   480.   227.    60.    83.   309.   643.  1060.  1291.   
0480250005  1409.  1157.  1145.   767.   488.   247.    67.    89.   331.   655.  1047.  1310.   
0480250006  1421.  1147.  1120.   783.   489.   225.    66.    96.   332.   660.  1062.  1314.   
0480250007  1406.  1147.  1071.   761.   493.   219.    64.    94.   340.   669.  1048.  1356.   
0480250008  1383.  1130.  1021.   752.   486.   212.    70.    87.   325.   671.  1067.  1340.   
0480250009  1318.  1128.   999.   734.   474.   213.    61.    77.   310.   674.  1029.  1338.   
0480250010  1304.  1129.   976.   737.   476.   205.    56.    73.   283.   672.  1007.  1306.   
0480250031  1410.  1171.  1089.   765.   495.   230.    70.    93.   332.   674.  1053.  1343.   
0480250032  1401.  1174.  1088.   760.   494.   228.    69.    92.   329.   676.  1050.  1342.   
0500250004 -9999. -9999. -9999. -9999. -9999. -9999. -9999. -9999. -9999. -9999. -9999. -9999.   
0500250005 -9999. -9999. -9999. -9999. -9999. -9999. -9999. -9999. -9999. -9999. -9999. -9999.   
0500250006 -9999. -9999. -9999. -9999. -9999. -9999. -9999. -9999. -9999. -9999. -9999. -9999.   
0500250007 -9999. -9999. -9999. -9999. -9999. -9999. -9999. -9999. -9999. -9999. -9999. -9999.   
0500250008 -9999. -9999. -9999. -9999. -9999. -9999. -9999. -9999. -9999. -9999. -9999. -9999.   
0500250009 -9999. -9999. -9999. -9999. -9999. -9999. -9999. -9999. -9999. -9999. -9999. -9999.   
0500250010 -9999. -9999. -9999. -9999. -9999. -9999. -9999. -9999. -9999. -9999. -9999. -9999.   
1010250001  1293.  1180.   977.   640.   321.    94.    17.    50.   163.   475.   817.  1183.   
1010250002  1273.  1156.   989.   643.   310.    82.    15.    40.   162.   467.   799.  1154.   
1010250003  1264.  1136.   963.   627.   302.    71.    13.    36.   149.   462.   774.  1157.   
1010250004  1247.  1105.   970.   606.   290.    68.    12.    32.   149.   448.   760.  1146.   
1010250005  1274.  1110.   962.   598.   304.    67.    12.    34.   151.   437.   750.  1157.   
1010250006  1278.  1113.   959.   600.   302.    68.    12.    32.   158.   461.   754.  1142.   
1010250007  1296.  1113.   943.   605.   298.    67.    11.    30.   159.   467.   751.  1138.   
1010250008  1265.  1076.   925.   592.   282.    62.    10.    26.   154.   475.   746.  1097.   
1010250009  1249.  1045.   923.   571.   282.    57.    10.    23.   135.   459.   724.  1076.   
1010250010  1215.  1041.   921.   565.   266.    51.     9.    18.   113.   430.   721.  1037.   
1010250031  1273.  1124.   959.   613.   300.    74.    13.    36.   156.   464.   773.  1146.   
1010250032  1272.  1120.   960.   608.   299.    72.    13.    34.   151.   463.   767.  1138.   
1020250001  1207.  1095.   890.   554.   249.    52.     7.    24.   107.   412.   757.  1107.   
1020250002  1182.  1065.   906.   559.   241.    45.     6.    19.   108.   406.   740.  1072.   
1020250003  1168.  1046.   883.   550.   236.    38.     5.    19.   100.   403.   720.  1076.   
1020250004  1155.  1029.   900.   526.   224.    34.     4.    15.   101.   386.   714.  1072.   
1020250005  1196.  1039.   892.   516.   236.    35.     5.    17.   102.   378.   706.  1088.   
1020250006  1211.  1047.   885.   517.   238.    38.     6.    15.   103.   400.   706.  1065.   
1020250007  1227.  1045.   862.   525.   234.    39.     5.    15.   106.   406.   691.  1057.   
1020250008  1185.  1005.   845.   511.   222.    36.     5.    14.   104.   409.   690.  1021.   
1020250009  1160.   973.   839.   485.   219.    30.     5.    13.    93.   394.   665.  1007.   
1020250010  1132.   965.   834.   477.   203.    26.     5.    10.    77.   368.   665.   966.   
1020250031  1190.  1047.   880.   532.   234.    40.     6.    18.   104.   401.   719.  1070.   
1020250032  1187.  1045.   880.   525.   232.    39.     6.    17.   101.   400.   710.  1064.   
1030250001  1322.  1149.   899.   543.   256.    60.    10.    31.   113.   435.   803.  1198.   
1030250002  1297.  1105.   927.   543.   247.    52.     8.    26.   107.   422.   804.  1161.   
1030250003  1264.  1085.   910.   532.   248.    47.     7.    23.   106.   410.   804.  1164.   
1030250004  1249.  1085.   937.   522.   238.    42.     7.    20.   107.   398.   807.  1156.   
1030250005  1301.  1100.   932.   503.   243.    44.    10.    25.   116.   395.   796.  1176.   
1030250006  1348.  1116.   928.   508.   238.    46.    10.    25.   114.   416.   790.  1166.   
1030250007  1352.  1119.   891.   510.   238.    46.     9.    26.   116.   426.   764.  1175.   
1030250008  1319.  1071.   870.   511.   231.    44.     9.    25.   117.   426.   770.  1150.   
1030250009  1268.  1044.   857.   480.   229.    40.     9.    22.   108.   416.   740.  1138.   
1030250010  1254.  1042.   854.   484.   216.    36.     9.    20.    97.   399.   746.  1089.   
1030250031  1304.  1105.   904.   524.   242.    48.     9.    26.   113.   418.   792.  1170.   
1030250032  1298.  1108.   904.   514.   239.    47.     9.    25.   110.   417.   785.  1166.   
1040250001  1424.  1175.   899.   502.   233.    62.    18.    34.   136.   436.   840.  1290.   
1040250002  1418.  1142.   918.   499.   217.    53.    13.    29.   124.   424.   852.  1257.   
1040250003  1383.  1124.   914.   486.   221.    52.    13.    25.   124.   401.   859.  1250.   
1040250004  1377.  1132.   952.   491.   214.    50.    12.    23.   125.   393.   863.  1229.   
1040250005  1407.  1131.   959.   483.   219.    54.    15.    26.   141.   393.   848.  1254.   
1040250006  1458.  1140.   949.   482.   211.    49.    15.    27.   139.   410.   848.  1253.   
1040250007  1432.  1136.   894.   472.   209.    48.    13.    29.   140.   421.   833.  1285.   
1040250008  1405.  1088.   866.   477.   206.    47.    15.    28.   136.   424.   851.  1262.   
1040250009  1337.  1071.   850.   462.   207.    47.    15.    26.   128.   428.   815.  1242.   
1040250010  1333.  1078.   847.   473.   207.    43.    15.    26.   117.   422.   807.  1187.   
1040250031  1408.  1133.   909.   490.   217.    53.    15.    28.   134.   416.   848.  1263.   
1040250032  1398.  1138.   911.   482.   216.    52.    15.    28.   132.   418.   843.  1258.   
1050250001   629.   533.   380.   184.    52.     5.     0.     1.    18.   149.   379.   600.   
1050250002   611.   507.   398.   182.    52.     3.     0.     1.    17.   143.   372.   571.   
1050250003   599.   499.   387.   175.    50.     3.     0.     1.    16.   143.   362.   567.   
1050250004   599.   502.   404.   169.    46.     2.     0.     0.    16.   140.   364.   576.   
1050250005   631.   522.   405.   163.    49.     3.     0.     1.    19.   145.   365.   593.   
1050250006   654.   536.   397.   166.    54.     5.     0.     0.    18.   157.   361.   580.   
1050250007   672.   535.   379.   176.    56.     4.     0.     1.    19.   159.   341.   571.   
1050250008   639.   502.   368.   173.    56.     4.     0.     1.    18.   155.   336.   551.   
1050250009   627.   485.   365.   164.    53.     3.     0.     0.    17.   146.   325.   552.   
1050250010   603.   471.   357.   150.    48.     2.     0.     0.    14.   133.   333.   520.   
1050250031   629.   518.   386.   175.    52.     4.     0.     1.    18.   149.   360.   579.   
1050250032   629.   521.   384.   173.    51.     4.     0.     1.    17.   148.   355.   577.   
1060250001   782.   650.   457.   210.    64.     4.     0.     0.    19.   189.   478.   750.   
1060250002   769.   615.   483.   204.    62.     3.     0.     0.    18.   178.   481.   715.   
1060250003   758.   609.   475.   197.    62.     2.     0.     0.    19.   177.   477.   713.   
1060250004   758.   617.   496.   200.    58.     2.     0.     0.    20.   180.   493.   723.   
1060250005   805.   645.   506.   189.    60.     3.     0.     1.    24.   193.   492.   747.   
1060250006   844.   666.   498.   197.    67.     4.     0.     1.    24.   211.   490.   738.   
1060250007   871.   672.   472.   207.    72.     4.     0.     1.    27.   213.   455.   742.   
1060250008   831.   631.   458.   217.    72.     4.     0.     1.    26.   206.   455.   725.   
1060250009   806.   614.   452.   204.    65.     3.     0.     1.    24.   193.   436.   727.   
1060250010   781.   597.   443.   190.    58.     2.     0.     0.    20.   179.   454.   689.   
1060250031   800.   639.   474.   207.    64.     3.     0.     0.    22.   194.   476.   736.   
1060250032   800.   645.   471.   203.    63.     3.     0.     0.    21.   193.   470.   736.   
1070250001   576.   436.   279.    88.    13.     0.     0.     0.     4.    74.   291.   542.   
1070250002   578.   414.   295.    87.    12.     0.     0.     0.     4.    65.   307.   523.   
1070250003   581.   408.   297.    81.    12.     0.     0.     0.     4.    61.   302.   503.   
1070250004   567.   416.   306.    84.    11.     0.     0.     0.     4.    62.   313.   500.   
1070250005   597.   432.   321.    77.    11.     0.     0.     0.     5.    69.   301.   512.   
1070250006   615.   446.   301.    80.    12.     0.     0.     0.     5.    75.   311.   516.   
1070250007   630.   452.   284.    79.    12.     0.     0.     0.     6.    76.   284.   532.   
1070250008   595.   415.   263.    89.    13.     0.     0.     0.     6.    72.   292.   522.   
1070250009   560.   403.   261.    84.    11.     0.     0.     0.     5.    70.   265.   516.   
1070250010   542.   383.   245.    80.    10.     0.     0.     0.     5.    65.   269.   483.   
1070250031   586.   427.   287.    85.    12.     0.     0.     0.     5.    70.   297.   521.   
1070250032   583.   431.   283.    83.    12.     0.     0.     0.     5.    70.   293.   522.   
1080250001   985.   784.   688.   451.   263.   102.    27.    40.   151.   381.   669.   970.   
1080250002  1002.   789.   687.   446.   248.    91.    22.    36.   141.   370.   680.   956.   
1080250003  1010.   783.   694.   434.   240.    96.    20.    33.   135.   353.   679.   924.   
1080250004   989.   792.   702.   432.   241.    95.    19.    31.   126.   345.   686.   903.   
1080250005   981.   775.   722.   446.   243.   103.    21.    34.   137.   352.   673.   916.   
1080250006   973.   764.   709.   459.   248.    94.    20.    36.   139.   354.   678.   919.   
1080250007   969.   757.   681.   446.   247.    92.    21.    34.   145.   360.   665.   938.   
1080250008   944.   739.   644.   437.   242.    88.    22.    31.   136.   359.   677.   926.   
1080250009   910.   738.   623.   420.   229.    86.    19.    27.   128.   355.   650.   924.   
1080250010   892.   727.   599.   416.   227.    81.    16.    25.   115.   347.   631.   904.   
1080250031   973.   769.   683.   443.   247.    96.    22.    34.   139.   361.   674.   933.   
1080250032   966.   770.   679.   439.   245.    94.    22.    34.   138.   362.   669.   933.   
1090250001   689.   555.   527.   396.   264.   108.    30.    32.    95.   254.   456.   654.   
1090250002   690.   561.   512.   383.   244.    99.    28.    28.    88.   247.   453.   642.   
1090250003   696.   557.   511.   373.   227.   100.    27.    28.    80.   236.   446.   626.   
1090250004   686.   560.   520.   366.   227.   104.    26.    30.    70.   229.   451.   614.   
1090250005   678.   539.   533.   385.   238.   107.    27.    30.    71.   228.   447.   627.   
1090250006   662.   524.   530.   395.   241.   100.    26.    29.    70.   223.   451.   624.   
1090250007   644.   512.   508.   381.   232.    93.    26.    25.    72.   220.   450.   636.   
1090250008   623.   504.   487.   359.   221.    89.    25.    23.    66.   216.   449.   623.   
1090250009   600.   500.   464.   348.   204.    83.    22.    19.    61.   212.   432.   620.   
1090250010   579.   492.   453.   338.   198.    78.    18.    16.    52.   199.   412.   601.   
1090250031   665.   536.   513.   377.   238.   101.    27.    28.    77.   231.   450.   632.   
1090250032   659.   534.   510.   377.   235.    98.    26.    27.    76.   232.   448.   630.   
1100250001   925.   783.   620.   368.   176.    50.    11.    20.    78.   285.   568.   862.   
1100250002   914.   761.   633.   366.   168.    44.     9.    17.    74.   276.   567.   835.   
1100250003   903.   750.   624.   356.   163.    42.     9.    16.    71.   269.   560.   827.   
1100250004   894.   750.   640.   349.   158.    41.     9.    15.    69.   262.   563.   822.   
1100250005   921.   757.   645.   345.   164.    43.    10.    16.    73.   263.   556.   839.   
1100250006   939.   763.   637.   350.   165.    42.     9.    16.    73.   274.   557.   831.   
1100250007   944.   762.   611.   351.   164.    40.     9.    16.    75.   278.   540.   837.   
1100250008   913.   729.   592.   346.   158.    39.     9.    14.    73.   277.   542.   816.   
1100250009   883.   712.   582.   330.   153.    36.     8.    13.    67.   269.   520.   809.   
1100250010   862.   702.   573.   324.   145.    33.     7.    11.    58.   255.   518.   774.   
1100250031   916.   757.   620.   355.   165.    43.    10.    17.    74.   274.   556.   835.   
1100250032   912.   758.   618.   350.   163.    42.     9.    16.    72.   274.   551.   833.   
1210250001  1109.   991.   787.   477.   205.    43.     6.    20.    89.   364.   698.  1028.   
1210250002  1085.   959.   806.   479.   199.    37.     5.    16.    88.   356.   683.   994.   
1210250003  1070.   943.   786.   469.   194.    31.     5.    16.    82.   353.   666.   996.   
1210250004  1059.   932.   806.   450.   184.    29.     4.    13.    83.   341.   663.   996.   
1210250005  1101.   947.   801.   440.   193.    29.     5.    14.    86.   338.   657.  1014.   
1210250006  1122.   959.   795.   442.   197.    32.     5.    13.    87.   359.   656.   993.   
1210250007  1141.   959.   771.   453.   196.    32.     5.    13.    89.   364.   639.   986.   
1210250008  1101.   918.   755.   441.   187.    30.     4.    12.    87.   365.   637.   954.   
1210250009  1077.   890.   750.   418.   184.    26.     4.    10.    79.   350.   614.   945.   
1210250010  1049.   881.   745.   407.   170.    22.     4.     9.    66.   326.   618.   904.   
1210250031  1098.   952.   784.   457.   194.    34.     5.    15.    87.   356.   665.   996.   
1210250032  1095.   952.   784.   451.   192.    32.     5.    14.    84.   355.   657.   991.   
1220250001   537.   421.   279.   101.    22.     1.     0.     0.     7.    87.   291.   511.   
1220250002   532.   399.   295.    99.    21.     1.     0.     0.     6.    80.   299.   489.   
1220250003   529.   394.   293.    94.    21.     1.     0.     0.     6.    78.   295.   476.   
1220250004   524.   401.   302.    97.    20.     1.     0.     0.     6.    79.   303.   479.   
1220250005   553.   418.   311.    90.    20.     1.     0.     0.     8.    86.   297.   492.   
1220250006   573.   432.   298.    94.    22.     1.     0.     0.     8.    93.   300.   492.   
1220250007   588.   435.   282.    97.    24.     1.     0.     0.     9.    95.   276.   496.   
1220250008   556.   402.   266.   104.    24.     1.     0.     0.     9.    91.   277.   484.   
1220250009   535.   390.   263.    99.    21.     1.     0.     0.     8.    86.   259.   482.   
1220250010   516.   372.   251.    91.    19.     1.     0.     0.     7.    79.   265.   452.   
1220250031   546.   413.   285.    99.    22.     1.     0.     0.     7.    87.   290.   492.   
1220250032   545.   416.   282.    98.    21.     1.     0.     0.     7.    86.   286.   493.   
1230250001  1349.  1146.   901.   535.   263.    70.    16.    35.   134.   446.   824.  1232.   
1230250002  1334.  1110.   923.   534.   250.    61.    12.    30.   124.   434.   830.  1199.   
1230250003  1304.  1091.   912.   521.   251.    59.    12.    26.   123.   416.   832.  1193.   
1230250004  1291.  1094.   941.   518.   243.    55.    11.    23.   122.   405.   837.  1178.   
1230250005  1330.  1101.   944.   505.   247.    59.    14.    28.   135.   405.   824.  1199.   
1230250006  1375.  1112.   936.   509.   242.    57.    13.    29.   134.   424.   822.  1194.   
1230250007  1368.  1112.   893.   505.   242.    56.    12.    30.   136.   435.   800.  1214.   
1230250008  1338.  1066.   867.   509.   236.    54.    13.    28.   133.   436.   812.  1192.   
1230250009  1281.  1045.   852.   485.   233.    52.    12.    26.   125.   432.   779.  1178.   
1230250010  1271.  1046.   846.   491.   227.    47.    12.    24.   113.   420.   778.  1129.   
1230250031  1332.  1104.   906.   520.   247.    60.    13.    29.   131.   427.   822.  1203.   
1230250032  1325.  1108.   906.   511.   244.    58.    13.    29.   128.   428.   816.  1199.   
1240250001   734.   584.   539.   388.   250.   103.    28.    32.   100.   265.   482.   702.   
1240250002   738.   591.   527.   377.   231.    93.    26.    28.    93.   258.   482.   689.   
1240250003   745.   587.   528.   367.   216.    96.    24.    28.    86.   246.   478.   671.   
1240250004   734.   592.   537.   361.   218.    99.    24.    29.    77.   239.   483.   658.   
1240250005   725.   571.   552.   380.   227.   103.    25.    30.    79.   240.   477.   671.   
1240250006   710.   557.   547.   391.   230.    96.    24.    29.    79.   236.   481.   670.   
1240250007   694.   545.   524.   378.   223.    89.    25.    25.    82.   235.   477.   683.   
1240250008   673.   536.   500.   358.   214.    86.    24.    23.    75.   232.   479.   670.   
1240250009   648.   533.   478.   346.   198.    81.    21.    20.    70.   228.   461.   667.   
1240250010   627.   523.   464.   338.   193.    76.    17.    17.    61.   215.   441.   648.   
1240250031   712.   567.   528.   372.   228.    96.    25.    28.    84.   244.   479.   678.   
1240250032   706.   565.   525.   372.   225.    94.    25.    28.    83.   244.   477.   676.   
