0010260001    12.     6.    30.    48.   186.   375.   458.   440.   308.    81.     9.     4.   
0010260002    15.     8.    24.    47.   187.   382.   458.   438.   310.    89.     8.     6.   
0010260003    16.     9.    26.    51.   188.   380.   456.   437.   301.    86.     9.     6.   
0010260004    16.     8.    23.    48.   196.   379.   455.   441.   279.    84.     7.     5.   
0010260005    12.     7.    20.    56.   193.   359.   441.   424.   261.    75.     7.     4.   
0010260006     9.     6.    20.    51.   179.   342.   441.   421.   266.    64.     7.     4.   
0010260007     8.     5.    22.    46.   168.   334.   434.   412.   255.    65.    10.     5.   
0010260008    10.     6.    25.    40.   170.   339.   451.   424.   259.    68.    11.     5.   
0010260009     9.     6.    25.    44.   181.   353.   456.   440.   263.    74.    12.     5.   
0010260010    11.     9.    31.    50.   192.   364.   464.   443.   284.    82.    10.     6.   
0010260031    12.     7.    25.    47.   184.   360.   451.   431.   279.    76.     9.     4.   
0010260032    12.     6.    25.    47.   187.   363.   452.   435.   281.    77.     9.     4.   
0020260001     1.     6.    22.    76.   211.   467.   623.   575.   398.   129.    15.     0.   
0020260002     1.     5.    23.    81.   233.   483.   639.   579.   412.   136.    15.     0.   
0020260003     0.     6.    21.    88.   248.   469.   655.   586.   428.   148.    15.     0.   
0020260004     0.     6.    21.    95.   248.   478.   661.   591.   445.   162.    15.     0.   
0020260005     1.     6.    18.    89.   243.   463.   658.   589.   433.   166.    18.     0.   
0020260006     1.     7.    21.    82.   238.   488.   667.   589.   430.   167.    17.     0.   
0020260007     1.     7.    25.    92.   249.   495.   662.   594.   415.   161.    18.     0.   
0020260008     1.     9.    30.    98.   261.   510.   659.   609.   436.   165.    18.     0.   
0020260009     2.     9.    35.   109.   293.   524.   673.   629.   455.   175.    24.     0.   
0020260010     3.    11.    43.   115.   294.   545.   693.   657.   477.   194.    31.     0.   
0020260031     1.     7.    24.    89.   241.   481.   650.   593.   424.   153.    17.     0.   
0020260032     1.     7.    25.    90.   247.   487.   654.   595.   428.   155.    18.     0.   
0030260001     1.     1.    18.    28.   135.   328.   451.   437.   256.    46.     2.     0.   
0030260002     1.     2.    15.    29.   139.   347.   474.   450.   271.    55.     2.     0.   
0030260003     1.     2.    16.    35.   139.   349.   472.   458.   265.    60.     1.     1.   
0030260004     1.     1.    14.    32.   148.   354.   477.   459.   254.    59.     1.     0.   
0030260005     0.     1.    12.    38.   152.   338.   459.   429.   227.    54.     1.     0.   
0030260006     0.     1.    12.    34.   147.   328.   462.   420.   230.    47.     1.     0.   
0030260007     0.     1.    14.    33.   140.   318.   456.   410.   221.    44.     2.     0.   
0030260008     0.     1.    15.    28.   138.   322.   466.   427.   224.    45.     2.     0.   
0030260009     1.     1.    15.    33.   145.   332.   462.   445.   225.    44.     3.     0.   
0030260010     1.     1.    18.    34.   152.   348.   471.   445.   242.    48.     3.     0.   
0030260031     1.     1.    15.    31.   142.   333.   463.   436.   241.    50.     2.     0.   
0030260032     1.     1.    15.    32.   145.   335.   462.   440.   243.    50.     2.     0.   
0040260001     0.     0.     1.     5.    21.    82.   193.   183.    91.    17.     1.     0.   
0040260002     0.     0.     2.     6.    27.    89.   207.   197.   100.    20.     2.     0.   
0040260003     0.     0.     1.     7.    31.    85.   212.   197.   110.    21.     2.     0.   
0040260004     0.     0.     1.     8.    30.    84.   217.   197.   125.    24.     2.     0.   
0040260005     0.     0.     1.     7.    26.    79.   211.   200.   125.    27.     2.     0.   
0040260006     0.     0.     1.     6.    26.    90.   217.   208.   129.    30.     2.     0.   
0040260007     0.     0.     1.     9.    30.    99.   219.   219.   128.    32.     2.     0.   
0040260008     0.     0.     2.    10.    36.   106.   221.   227.   140.    34.     3.     0.   
0040260009     1.     0.     3.    11.    44.   113.   241.   242.   150.    37.     4.     0.   
0040260010     1.     1.     5.    13.    47.   124.   256.   262.   169.    47.     5.     0.   
0040260031     0.     0.     1.     8.    29.    89.   210.   205.   119.    26.     2.     0.   
0040260032     0.     0.     2.     8.    30.    93.   215.   207.   121.    26.     2.     0.   
0050260001     0.     0.     0.     0.     1.    38.    87.    62.    11.     0.     0.     0.   
0050260002     0.     0.     0.     0.     2.    47.   109.    71.    14.     0.     0.     0.   
0050260003     0.     0.     0.     0.     2.    45.   112.    79.    15.     0.     0.     0.   
0050260004     0.     0.     0.     0.     3.    52.   121.    86.    17.     0.     0.     0.   
0050260005     0.     0.     0.     0.     2.    43.   111.    77.    13.     0.     0.     0.   
0050260006     0.     0.     0.     0.     2.    50.   117.    72.    13.     0.     0.     0.   
0050260007     0.     0.     0.     0.     2.    48.   117.    73.    12.     0.     0.     0.   
0050260008     0.     0.     0.     0.     2.    52.   115.    79.    14.     0.     0.     0.   
0050260009     0.     0.     0.     0.     3.    54.   131.    88.    16.     0.     0.     0.   
0050260010     0.     0.     0.     0.     3.    65.   143.    95.    22.     0.     0.     0.   
0050260031     0.     0.     0.     0.     2.    46.   109.    75.    14.     0.     0.     0.   
0050260032     0.     0.     0.     0.     2.    47.   112.    76.    14.     0.     0.     0.   
0060260001     0.     0.     0.     0.     6.    56.   176.   118.    26.     0.     0.     0.   
0060260002     0.     0.     0.     0.     8.    64.   181.   138.    27.     0.     0.     0.   
0060260003     0.     0.     0.     0.     8.    76.   191.   144.    31.     1.     0.     0.   
0060260004     0.     0.     0.     0.     9.    76.   201.   155.    29.     1.     0.     0.   
0060260005     0.     0.     0.     0.     8.    75.   196.   147.    30.     1.     0.     0.   
0060260006     0.     0.     0.     0.     7.    71.   195.   154.    29.     1.     0.     0.   
0060260007     0.     0.     0.     0.     8.    71.   199.   158.    28.     1.     0.     0.   
0060260008     0.     0.     0.     0.    10.    79.   212.   167.    28.     1.     0.     0.   
0060260009     0.     0.     0.     0.    10.    89.   221.   180.    36.     1.     0.     0.   
0060260010     0.     0.     0.     0.    14.    95.   247.   199.    50.     1.     0.     0.   
0060260031     0.     0.     0.     0.     8.    70.   195.   146.    28.     1.     0.     0.   
0060260032     0.     0.     0.     0.     8.    73.   197.   151.    30.     1.     0.     0.   
0070260001     0.     0.     0.     0.    37.   157.   305.   240.   101.    10.     0.     0.   
0070260002     0.     0.     0.     0.    38.   175.   312.   259.   104.    10.     0.     0.   
0070260003     0.     0.     1.     0.    39.   188.   316.   256.   110.    10.     0.     0.   
0070260004     0.     0.     0.     0.    44.   189.   329.   274.   105.    12.     0.     0.   
0070260005     0.     0.     0.     0.    43.   185.   322.   265.   103.    12.     0.     0.   
0070260006     0.     0.     0.     0.    39.   176.   320.   280.   107.    10.     0.     0.   
0070260007     0.     0.     0.     0.    39.   182.   323.   279.   103.    11.     0.     0.   
0070260008     0.     0.     0.     0.    42.   187.   339.   287.   105.    11.     0.     0.   
0070260009     0.     0.     0.     1.    48.   211.   356.   304.   115.    14.     0.     0.   
0070260010     0.     0.     0.     2.    59.   223.   380.   322.   137.    17.     0.     0.   
0070260031     0.     0.     0.     0.    40.   178.   323.   266.   104.    11.     0.     0.   
0070260032     0.     0.     0.     0.    42.   183.   326.   275.   108.    11.     0.     0.   
0080260001    78.    70.   117.   170.   313.   421.   477.   486.   425.   274.   113.    67.   
0080260002    87.    77.   106.   169.   308.   420.   481.   488.   425.   281.   112.    77.   
0080260003    90.    84.   111.   182.   316.   433.   486.   494.   435.   281.   119.    85.   
0080260004    86.    85.   110.   183.   330.   441.   495.   504.   439.   285.   124.    82.   
0080260005    78.    78.   114.   198.   336.   444.   499.   507.   442.   283.   124.    77.   
0080260006    76.    71.   120.   193.   339.   440.   503.   508.   445.   279.   128.    76.   
0080260007    78.    74.   126.   188.   336.   446.   508.   510.   445.   289.   143.    84.   
0080260008    89.    84.   133.   187.   347.   459.   520.   518.   453.   300.   160.    92.   
0080260009    83.    92.   134.   191.   359.   471.   530.   532.   459.   315.   161.    95.   
0080260010    90.   104.   148.   221.   375.   481.   541.   543.   472.   331.   164.   111.   
0080260031    82.    78.   119.   183.   330.   439.   498.   503.   439.   285.   130.    79.   
0080260032    81.    78.   122.   183.   335.   444.   501.   507.   441.   288.   132.    79.   
0090260001     7.     3.    21.    33.   170.   343.   422.   398.   265.    58.     5.     2.   
0090260002     9.     4.    17.    32.   167.   351.   422.   399.   270.    64.     5.     3.   
0090260003    11.     5.    18.    34.   162.   350.   420.   395.   264.    60.     6.     4.   
0090260004    11.     5.    16.    33.   169.   348.   419.   400.   242.    60.     5.     3.   
0090260005     8.     4.    14.    37.   165.   322.   401.   383.   222.    54.     5.     2.   
0090260006     7.     3.    15.    34.   153.   301.   399.   383.   227.    47.     6.     3.   
0090260007     6.     3.    17.    31.   143.   297.   397.   374.   215.    50.     9.     3.   
0090260008     8.     4.    19.    28.   145.   304.   418.   383.   220.    51.    10.     4.   
0090260009     7.     4.    19.    31.   153.   321.   425.   399.   220.    57.    10.     4.   
0090260010     8.     6.    24.    37.   166.   328.   433.   404.   242.    64.     9.     5.   
0090260031     8.     4.    18.    32.   161.   327.   416.   390.   238.    55.     7.     3.   
0090260032     8.     4.    18.    33.   163.   330.   416.   395.   240.    56.     7.     3.   
0100260001     0.     0.     0.     0.     8.    48.   172.   131.    25.     0.     0.     0.   
0100260002     0.     0.     0.     0.    11.    56.   188.   138.    29.     0.     0.     0.   
0100260003     0.     0.     0.     0.    12.    50.   192.   139.    30.     0.     0.     0.   
0100260004     0.     0.     0.     0.    12.    48.   186.   132.    34.     0.     0.     0.   
0100260005     0.     0.     0.     0.    10.    44.   174.   129.    33.     0.     0.     0.   
0100260006     0.     0.     0.     0.     9.    51.   173.   127.    32.     0.     0.     0.   
0100260007     0.     0.     0.     0.     8.    57.   166.   136.    31.     0.     0.     0.   
0100260008     0.     0.     0.     0.     9.    55.   164.   144.    33.     0.     0.     0.   
0100260009     0.     0.     0.     0.    10.    57.   187.   156.    37.     0.     0.     0.   
0100260010     0.     0.     0.     0.    11.    58.   207.   170.    42.     0.     0.     0.   
0100260031     0.     0.     0.     0.    10.    51.   174.   136.    31.     0.     0.     0.   
0100260032     0.     0.     0.     0.    10.    52.   178.   138.    31.     0.     0.     0.   
0110260001     0.     0.     1.     1.    53.   151.   277.   217.    76.     7.     0.     0.   
0110260002     0.     0.     1.     2.    59.   172.   303.   235.    85.     9.     0.     0.   
0110260003     0.     0.     2.     1.    57.   177.   297.   242.    84.    10.     0.     0.   
0110260004     0.     0.     1.     2.    60.   187.   299.   252.    81.    11.     0.     0.   
0110260005     0.     0.     1.     2.    60.   178.   271.   231.    70.    12.     0.     0.   
0110260006     0.     0.     1.     2.    63.   176.   272.   222.    74.    10.     0.     0.   
0110260007     0.     0.     1.     2.    64.   176.   278.   219.    73.     9.     0.     0.   
0110260008     0.     0.     1.     2.    66.   179.   283.   230.    73.     8.     0.     0.   
0110260009     0.     0.     1.     3.    67.   184.   284.   241.    78.     8.     0.     0.   
0110260010     0.     0.     2.     2.    71.   189.   287.   241.    88.     8.     0.     0.   
0110260031     0.     0.     1.     2.    60.   172.   284.   230.    76.     9.     0.     0.   
0110260032     0.     0.     1.     2.    61.   174.   283.   233.    78.     9.     0.     0.   
0120260001     0.     0.     2.     1.    62.   166.   288.   226.    97.     8.     0.     0.   
0120260002     0.     0.     1.     1.    64.   188.   310.   242.   106.    10.     0.     0.   
0120260003     0.     0.     3.     2.    63.   195.   305.   246.   104.    11.     0.     0.   
0120260004     0.     0.     2.     2.    66.   204.   308.   256.    98.    11.     0.     0.   
0120260005     0.     0.     1.     2.    68.   191.   279.   230.    87.    11.     0.     0.   
0120260006     0.     0.     1.     2.    67.   182.   277.   224.    89.    10.     0.     0.   
0120260007     0.     0.     1.     2.    68.   180.   277.   217.    85.     9.     0.     0.   
0120260008     0.     0.     1.     2.    69.   183.   283.   228.    83.     9.     0.     0.   
0120260009     0.     0.     1.     3.    71.   192.   281.   240.    86.     9.     0.     0.   
0120260010     0.     0.     3.     3.    79.   198.   283.   240.    96.    10.     0.     0.   
0120260031     0.     0.     2.     1.    66.   184.   290.   233.    92.    10.     0.     0.   
0120260032     0.     0.     2.     2.    68.   186.   288.   237.    94.    10.     0.     0.   
0130260001     0.     0.     1.     1.    53.   151.   284.   218.    67.     6.     0.     0.   
0130260002     0.     0.     1.     1.    62.   178.   320.   230.    79.     8.     0.     0.   
0130260003     0.     0.     1.     2.    60.   174.   305.   237.    77.    10.     0.     0.   
0130260004     0.     0.     1.     2.    60.   182.   304.   244.    73.    10.     0.     0.   
0130260005     0.     0.     1.     2.    57.   163.   267.   222.    55.    10.     0.     0.   
0130260006     0.     0.     0.     1.    59.   170.   274.   213.    56.     9.     0.     0.   
0130260007     0.     0.     1.     2.    61.   171.   280.   209.    57.     7.     0.     0.   
0130260008     0.     0.     1.     2.    60.   174.   276.   217.    62.     6.     0.     0.   
0130260009     0.     0.     1.     2.    58.   174.   274.   221.    64.     5.     0.     0.   
0130260010     0.     0.     2.     2.    58.   181.   272.   214.    74.     6.     0.     0.   
0130260031     0.     0.     1.     1.    58.   168.   285.   223.    65.     8.     0.     0.   
0130260032     0.     0.     1.     2.    58.   169.   283.   224.    66.     8.     0.     0.   
0140260001     0.     0.     7.     9.    82.   260.   416.   384.   176.    19.     0.     0.   
0140260002     0.     0.     5.    10.    91.   291.   466.   414.   196.    26.     0.     0.   
0140260003     0.     0.     5.    12.    90.   290.   455.   419.   193.    31.     0.     0.   
0140260004     0.     0.     4.    12.    96.   308.   467.   431.   197.    33.     0.     0.   
0140260005     0.     0.     4.    14.   102.   284.   434.   400.   170.    30.     0.     0.   
0140260006     0.     1.     4.    12.   102.   291.   450.   396.   171.    27.     0.     0.   
0140260007     0.     0.     5.    13.    99.   279.   447.   381.   162.    23.     0.     0.   
0140260008     0.     1.     6.    11.    92.   279.   439.   391.   168.    20.     0.     0.   
0140260009     0.     0.     7.    13.    95.   277.   434.   400.   168.    19.     0.     0.   
0140260010     0.     1.     9.    13.   100.   298.   442.   394.   179.    21.     0.     0.   
0140260031     0.     0.     5.    11.    93.   280.   441.   398.   177.    25.     0.     0.   
0140260032     0.     0.     5.    12.    94.   281.   438.   400.   177.    24.     0.     0.   
0150260001     0.     0.     8.     7.    93.   231.   351.   304.   166.    22.     0.     0.   
0150260002     1.     0.     6.     7.    93.   247.   365.   316.   175.    24.     0.     0.   
0150260003     2.     0.     8.     9.    93.   256.   361.   315.   172.    24.     0.     0.   
0150260004     2.     0.     6.     8.    99.   259.   364.   325.   161.    24.     0.     0.   
0150260005     1.     0.     6.    10.    98.   239.   337.   299.   141.    22.     0.     0.   
0150260006     0.     0.     5.     9.    90.   218.   329.   295.   144.    18.     0.     0.   
0150260007     1.     0.     7.     8.    86.   213.   326.   287.   135.    19.     0.     0.   
0150260008     1.     0.     7.     7.    86.   220.   342.   298.   136.    19.     0.     0.   
0150260009     1.     0.     7.    10.    94.   236.   347.   318.   140.    21.     0.     0.   
0150260010     1.     0.     9.    12.   106.   245.   355.   320.   156.    23.     0.     0.   
0150260031     1.     0.     7.     8.    93.   234.   348.   305.   152.    21.     0.     0.   
0150260032     1.     0.     7.     8.    95.   237.   347.   311.   154.    22.     0.     0.   
0160260001    30.    21.    64.   110.   270.   454.   518.   519.   393.   152.    37.    12.   
0160260002    33.    25.    55.   105.   268.   452.   521.   512.   394.   165.    33.    15.   
0160260003    34.    26.    52.   111.   271.   451.   518.   516.   387.   166.    33.    16.   
0160260004    34.    24.    48.   103.   280.   454.   523.   515.   376.   160.    28.    15.   
0160260005    26.    20.    42.   119.   284.   446.   518.   510.   365.   148.    29.    12.   
0160260006    24.    17.    45.   113.   275.   439.   519.   501.   369.   135.    31.    12.   
0160260007    20.    15.    46.   111.   271.   434.   515.   501.   363.   134.    40.    13.   
0160260008    24.    18.    51.    98.   278.   441.   526.   514.   370.   140.    39.    14.   
0160260009    24.    19.    51.   107.   293.   451.   531.   529.   376.   151.    43.    14.   
0160260010    27.    26.    64.   117.   300.   464.   541.   539.   398.   164.    40.    15.   
0160260031    28.    20.    53.   107.   276.   447.   521.   514.   377.   149.    35.    13.   
0160260032    27.    19.    53.   108.   281.   450.   523.   517.   380.   150.    36.    13.   
0170260001     0.     0.     0.     0.     0.     8.    75.    43.     2.     0.     0.     0.   
0170260002     0.     0.     0.     0.     0.    10.    82.    58.     2.     0.     0.     0.   
0170260003     0.     0.     0.     0.     0.    13.    88.    66.     2.     0.     0.     0.   
0170260004     0.     0.     0.     0.     0.    13.    93.    72.     2.     0.     0.     0.   
0170260005     0.     0.     0.     0.     0.    14.    91.    64.     3.     0.     0.     0.   
0170260006     0.     0.     0.     0.     0.    14.    91.    65.     2.     0.     0.     0.   
0170260007     0.     0.     0.     0.     0.    15.    92.    69.     2.     0.     0.     0.   
0170260008     0.     0.     0.     0.     0.    18.    99.    76.     3.     0.     0.     0.   
0170260009     0.     0.     0.     0.     1.    20.   101.    83.     5.     0.     0.     0.   
0170260010     0.     0.     0.     0.     1.    21.   114.    94.     9.     0.     0.     0.   
0170260031     0.     0.     0.     0.     0.    13.    88.    63.     2.     0.     0.     0.   
0170260032     0.     0.     0.     0.     0.    14.    89.    65.     3.     0.     0.     0.   
0180260001     0.     0.     1.     1.    47.   166.   307.   235.   105.    10.     0.     0.   
0180260002     0.     0.     0.     1.    50.   187.   318.   258.   111.    10.     0.     0.   
0180260003     0.     0.     1.     1.    51.   202.   326.   262.   117.    11.     0.     0.   
0180260004     0.     0.     0.     1.    56.   201.   334.   277.   109.    12.     0.     0.   
0180260005     0.     0.     0.     1.    56.   194.   324.   268.   106.    13.     0.     0.   
0180260006     0.     0.     0.     1.    50.   182.   318.   277.   109.    10.     0.     0.   
0180260007     0.     0.     0.     1.    50.   188.   321.   276.   106.    11.     0.     0.   
0180260008     0.     0.     0.     1.    53.   195.   338.   284.   108.    11.     0.     0.   
0180260009     0.     0.     0.     2.    58.   218.   356.   303.   114.    13.     0.     0.   
0180260010     0.     0.     1.     3.    69.   228.   374.   316.   134.    15.     0.     0.   
0180260031     0.     0.     0.     1.    52.   187.   324.   265.   107.    11.     0.     0.   
0180260032     0.     0.     0.     1.    53.   192.   327.   274.   110.    11.     0.     0.   
0190260001     0.     0.     0.     0.     4.    43.   151.    96.    15.     0.     0.     0.   
0190260002     0.     0.     0.     0.     5.    48.   155.   115.    16.     0.     0.     0.   
0190260003     0.     0.     0.     0.     5.    58.   163.   123.    20.     0.     0.     0.   
0190260004     0.     0.     0.     0.     5.    59.   175.   133.    19.     0.     0.     0.   
0190260005     0.     0.     0.     0.     5.    60.   175.   127.    20.     0.     0.     0.   
0190260006     0.     0.     0.     0.     5.    58.   176.   132.    18.     0.     0.     0.   
0190260007     0.     0.     0.     0.     4.    58.   177.   137.    17.     0.     0.     0.   
0190260008     0.     0.     0.     0.     5.    64.   186.   145.    18.     0.     0.     0.   
0190260009     0.     0.     0.     0.     6.    70.   192.   159.    25.     0.     0.     0.   
0190260010     0.     0.     0.     0.     8.    76.   217.   178.    37.     1.     0.     0.   
0190260031     0.     0.     0.     0.     5.    55.   170.   124.    18.     0.     0.     0.   
0190260032     0.     0.     0.     0.     5.    57.   172.   130.    19.     0.     0.     0.   
0200260001     0.     0.     0.     0.    23.    84.   180.   126.    34.     2.     0.     0.   
0200260002     0.     0.     0.     0.    26.    99.   201.   145.    37.     2.     0.     0.   
0200260003     0.     0.     0.     0.    26.   107.   201.   153.    39.     3.     0.     0.   
0200260004     0.     0.     0.     0.    27.   112.   204.   163.    36.     3.     0.     0.   
0200260005     0.     0.     0.     0.    27.   106.   181.   147.    32.     4.     0.     0.   
0200260006     0.     0.     0.     0.    29.   101.   179.   142.    31.     3.     0.     0.   
0200260007     0.     0.     0.     0.    31.    98.   186.   139.    30.     2.     0.     0.   
0200260008     0.     0.     0.     0.    34.   103.   189.   148.    29.     2.     0.     0.   
0200260009     0.     0.     0.     0.    33.   112.   196.   161.    34.     2.     0.     0.   
0200260010     0.     0.     0.     0.    37.   120.   207.   169.    44.     3.     0.     0.   
0200260031     0.     0.     0.     0.    28.   100.   189.   144.    33.     2.     0.     0.   
0200260032     0.     0.     0.     0.    29.   102.   189.   147.    34.     3.     0.     0.   
0210260001     0.     0.     0.     0.    18.    71.   156.   100.    16.     1.     0.     0.   
0210260002     0.     0.     0.     0.    23.    87.   184.   113.    20.     1.     0.     0.   
0210260003     0.     0.     0.     0.    23.    87.   186.   128.    21.     1.     0.     0.   
0210260004     0.     0.     0.     0.    24.    91.   188.   135.    20.     2.     0.     0.   
0210260005     0.     0.     0.     0.    20.    83.   167.   127.    14.     2.     0.     0.   
0210260006     0.     0.     0.     0.    24.    88.   170.   119.    14.     2.     0.     0.   
0210260007     0.     0.     0.     1.    27.    91.   180.   119.    15.     1.     0.     0.   
0210260008     0.     0.     0.     1.    30.    93.   172.   121.    17.     0.     0.     0.   
0210260009     0.     0.     0.     1.    26.    94.   177.   129.    21.     0.     0.     0.   
0210260010     0.     0.     0.     0.    25.    97.   178.   127.    28.     0.     0.     0.   
0210260031     0.     0.     0.     0.    23.    85.   171.   118.    17.     1.     0.     0.   
0210260032     0.     0.     0.     1.    23.    86.   172.   120.    19.     1.     0.     0.   
0220260001    15.     9.    40.    64.   206.   405.   488.   478.   335.    98.    13.     5.   
0220260002    17.    12.    34.    62.   209.   409.   491.   476.   338.   107.    11.     7.   
0220260003    18.    13.    35.    68.   212.   411.   492.   479.   328.   107.    12.     7.   
0220260004    18.    12.    31.    64.   223.   414.   494.   483.   312.   104.     9.     7.   
0220260005    13.    10.    26.    76.   224.   402.   486.   467.   294.    94.     9.     5.   
0220260006    11.     8.    27.    70.   212.   389.   487.   460.   301.    81.     9.     5.   
0220260007     9.     7.    29.    66.   202.   381.   478.   452.   291.    80.    14.     5.   
0220260008    11.     8.    32.    56.   204.   385.   488.   463.   295.    84.    14.     6.   
0220260009    11.     9.    32.    63.   217.   395.   489.   475.   298.    91.    15.     6.   
0220260010    13.    12.    40.    68.   225.   406.   496.   480.   320.   100.    14.     7.   
0220260031    14.    10.    33.    64.   212.   398.   488.   471.   311.    93.    12.     6.   
0220260032    14.     9.    34.    65.   216.   401.   489.   474.   313.    94.    12.     5.   
0230260001     0.     0.     7.     8.    88.   236.   382.   339.   152.    18.     0.     0.   
0230260002     0.     0.     5.     7.    93.   262.   419.   358.   168.    23.     0.     0.   
0230260003     0.     0.     6.     9.    89.   256.   403.   356.   162.    27.     0.     0.   
0230260004     0.     0.     4.     9.    93.   269.   409.   364.   161.    27.     0.     0.   
0230260005     0.     0.     4.    11.    96.   247.   375.   334.   139.    26.     0.     0.   
0230260006     0.     0.     4.    10.    95.   247.   388.   331.   143.    22.     0.     0.   
0230260007     0.     0.     6.    11.    93.   240.   387.   321.   136.    20.     0.     0.   
0230260008     0.     0.     6.     9.    89.   243.   387.   333.   137.    18.     0.     0.   
0230260009     0.     0.     6.    12.    92.   246.   379.   342.   135.    16.     1.     0.   
0230260010     0.     0.     8.    11.    98.   260.   384.   338.   147.    18.     1.     0.   
0230260031     0.     0.     6.     9.    92.   247.   390.   341.   147.    21.     0.     0.   
0230260032     0.     0.     5.    10.    93.   248.   387.   343.   148.    21.     0.     0.   
0240260001     0.     0.     0.     0.     1.    17.    69.    46.     7.     0.     0.     0.   
0240260002     0.     0.     0.     0.     2.    23.    84.    52.    10.     0.     0.     0.   
0240260003     0.     0.     0.     0.     3.    18.    85.    54.    10.     0.     0.     0.   
0240260004     0.     0.     0.     0.     3.    17.    83.    53.    10.     0.     0.     0.   
0240260005     0.     0.     0.     0.     1.    14.    72.    52.     9.     0.     0.     0.   
0240260006     0.     0.     0.     0.     1.    18.    71.    52.    10.     0.     0.     0.   
0240260007     0.     0.     0.     0.     1.    22.    71.    57.    10.     0.     0.     0.   
0240260008     0.     0.     0.     0.     2.    21.    69.    60.    11.     0.     0.     0.   
0240260009     1.     0.     0.     0.     2.    20.    84.    66.    12.     0.     0.     0.   
0240260010     0.     0.     0.     0.     1.    19.    92.    69.    14.     0.     0.     0.   
0240260031     0.     0.     0.     0.     2.    19.    74.    54.    10.     0.     0.     0.   
0240260032     0.     0.     0.     0.     2.    19.    76.    54.    10.     0.     0.     0.   
0250260001     0.     0.     2.     2.    51.   172.   325.   259.    91.     5.     0.     0.   
0250260002     0.     0.     1.     2.    64.   208.   384.   288.   110.     8.     0.     0.   
0250260003     0.     0.     2.     3.    64.   202.   374.   302.   108.    10.     0.     0.   
0250260004     0.     0.     1.     3.    65.   213.   376.   312.   109.     9.     0.     0.   
0250260005     0.     0.     1.     3.    62.   191.   334.   284.    84.     9.     0.     0.   
0250260006     0.     0.     1.     3.    64.   205.   342.   275.    85.     7.     0.     0.   
0250260007     0.     0.     1.     3.    67.   206.   343.   264.    81.     6.     0.     0.   
0250260008     0.     0.     1.     3.    64.   207.   330.   270.    90.     5.     0.     0.   
0250260009     0.     0.     2.     4.    64.   205.   331.   275.    93.     5.     0.     0.   
0250260010     0.     0.     3.     3.    63.   215.   331.   270.   104.     6.     0.     0.   
0250260031     0.     0.     1.     3.    61.   196.   343.   277.    94.     7.     0.     0.   
0250260032     0.     0.     1.     3.    62.   197.   341.   277.    94.     7.     0.     0.   
0260260001     0.     2.     9.    41.   135.   330.   514.   464.   238.    63.     3.     0.   
0260260002     0.     1.    11.    44.   148.   340.   534.   477.   254.    64.     3.     0.   
0260260003     0.     1.     9.    48.   157.   324.   542.   472.   270.    68.     3.     0.   
0260260004     0.     1.     8.    48.   150.   320.   538.   472.   284.    69.     2.     0.   
0260260005     0.     2.     5.    41.   142.   306.   527.   468.   275.    71.     2.     0.   
0260260006     0.     2.     7.    36.   140.   333.   538.   474.   273.    76.     2.     0.   
0260260007     0.     2.     9.    43.   151.   349.   539.   481.   264.    77.     2.     0.   
0260260008     0.     2.    12.    49.   160.   359.   540.   491.   277.    77.     3.     0.   
0260260009     1.     2.    14.    53.   183.   372.   564.   511.   291.    81.     4.     0.   
0260260010     1.     3.    17.    54.   181.   388.   583.   534.   312.    88.     5.     0.   
0260260031     0.     2.     9.    45.   148.   333.   531.   478.   265.    71.     3.     0.   
0260260032     0.     2.    10.    45.   153.   341.   539.   481.   269.    72.     3.     0.   
0270260001     0.     0.     0.     0.     2.    19.    98.    53.     4.     0.     0.     0.   
0270260002     0.     0.     0.     0.     2.    23.   100.    66.     4.     0.     0.     0.   
0270260003     0.     0.     0.     0.     2.    30.   105.    71.     5.     0.     0.     0.   
0270260004     0.     0.     0.     0.     3.    30.   112.    78.     6.     0.     0.     0.   
0270260005     0.     0.     0.     0.     3.    31.   111.    73.     7.     0.     0.     0.   
0270260006     0.     0.     0.     0.     3.    30.   110.    75.     6.     0.     0.     0.   
0270260007     0.     0.     0.     0.     3.    29.   111.    78.     5.     0.     0.     0.   
0270260008     0.     0.     0.     0.     3.    33.   115.    84.     4.     0.     0.     0.   
0270260009     0.     0.     0.     0.     3.    36.   120.    94.     8.     0.     0.     0.   
0270260010     0.     0.     0.     0.     5.    39.   138.   105.    13.     0.     0.     0.   
0270260031     0.     0.     0.     0.     3.    28.   108.    71.     5.     0.     0.     0.   
0270260032     0.     0.     0.     0.     3.    29.   110.    75.     6.     0.     0.     0.   
0280260001     0.     0.     0.     0.    18.    98.   227.   167.    56.     3.     0.     0.   
0280260002     0.     0.     0.     0.    20.   110.   234.   187.    58.     3.     0.     0.   
0280260003     0.     0.     0.     0.    20.   124.   245.   189.    63.     4.     0.     0.   
0280260004     0.     0.     0.     0.    23.   127.   261.   207.    62.     5.     0.     0.   
0280260005     0.     0.     0.     0.    23.   126.   257.   203.    64.     5.     0.     0.   
0280260006     0.     0.     0.     0.    21.   121.   257.   216.    65.     4.     0.     0.   
0280260007     0.     0.     0.     0.    22.   123.   260.   218.    63.     4.     0.     0.   
0280260008     0.     0.     0.     0.    24.   129.   273.   224.    63.     4.     0.     0.   
0280260009     0.     0.     0.     0.    27.   146.   286.   239.    72.     5.     0.     0.   
0280260010     0.     0.     0.     0.    34.   157.   311.   257.    92.     7.     0.     0.   
0280260031     0.     0.     0.     0.    22.   118.   253.   200.    61.     4.     0.     0.   
0280260032     0.     0.     0.     0.    22.   122.   256.   208.    64.     4.     0.     0.   
0290260001     0.     0.     0.     3.    39.   180.   254.   210.    76.     2.     0.     0.   
0290260002     0.     0.     0.     3.    42.   184.   264.   213.    81.     3.     0.     0.   
0290260003     0.     0.     0.     5.    47.   189.   271.   223.    87.     4.     0.     0.   
0290260004     0.     0.     0.     5.    46.   198.   280.   234.    93.     5.     0.     0.   
0290260005     0.     0.     0.     5.    47.   190.   284.   230.    88.     4.     0.     0.   
0290260006     0.     0.     0.     4.    43.   193.   287.   219.    82.     3.     0.     0.   
0290260007     0.     0.     0.     5.    43.   183.   278.   210.    75.     3.     0.     0.   
0290260008     0.     0.     0.     5.    49.   194.   275.   219.    85.     4.     0.     0.   
0290260009     0.     0.     0.     7.    62.   209.   289.   235.    95.     5.     0.     0.   
0290260010     0.     0.     0.     8.    66.   237.   315.   260.   109.     7.     0.     0.   
0290260031     0.     0.     0.     4.    45.   188.   272.   221.    84.     4.     0.     0.   
0290260032     0.     0.     0.     5.    48.   193.   275.   223.    85.     4.     0.     0.   
0300260001     0.     0.     0.     0.     9.    60.   176.   123.    32.     1.     0.     0.   
0300260002     0.     0.     0.     0.    10.    67.   184.   143.    35.     1.     0.     0.   
0300260003     0.     0.     0.     0.    10.    79.   193.   150.    39.     1.     0.     0.   
0300260004     0.     0.     0.     0.    11.    83.   205.   164.    39.     2.     0.     0.   
0300260005     0.     0.     0.     0.    10.    82.   199.   158.    41.     2.     0.     0.   
0300260006     0.     0.     0.     0.    10.    78.   199.   164.    40.     1.     0.     0.   
0300260007     0.     0.     0.     0.    11.    77.   201.   165.    38.     1.     0.     0.   
0300260008     0.     0.     0.     0.    13.    84.   209.   171.    36.     1.     0.     0.   
0300260009     0.     0.     0.     0.    14.    95.   217.   183.    44.     2.     0.     0.   
0300260010     0.     0.     0.     0.    18.   101.   240.   199.    58.     3.     0.     0.   
0300260031     0.     0.     0.     0.    11.    76.   196.   153.    36.     1.     0.     0.   
0300260032     0.     0.     0.     0.    11.    79.   198.   158.    39.     1.     0.     0.   
0310260001     2.     0.     9.     9.   114.   265.   374.   332.   192.    36.     1.     0.   
0310260002     3.     1.     8.     9.   116.   288.   383.   344.   204.    39.     1.     1.   
0310260003     4.     1.    10.    11.   118.   303.   386.   340.   207.    37.     1.     1.   
0310260004     4.     0.     8.    13.   128.   304.   390.   349.   191.    38.     1.     1.   
0310260005     2.     0.     7.    14.   125.   278.   373.   336.   173.    36.     1.     1.   
0310260006     2.     0.     6.    13.   112.   252.   369.   341.   176.    29.     1.     1.   
0310260007     2.     0.     7.    11.   103.   253.   368.   336.   168.    31.     2.     1.   
0310260008     2.     0.     8.    11.   104.   264.   390.   343.   173.    32.     2.     1.   
0310260009     2.     0.     8.    14.   110.   289.   400.   360.   173.    35.     3.     1.   
0310260010     2.     1.    10.    17.   125.   296.   414.   367.   195.    39.     2.     2.   
0310260031     3.     0.     8.    11.   115.   274.   381.   339.   182.    34.     1.     1.   
0310260032     2.     0.     8.    12.   116.   278.   382.   346.   185.    35.     1.     1.   
0320260001     0.     0.     0.     1.    15.    69.   157.   105.    18.     0.     0.     0.   
0320260002     0.     0.     0.     1.    21.    83.   194.   126.    22.     0.     0.     0.   
0320260003     0.     0.     0.     1.    22.    78.   197.   136.    24.     0.     0.     0.   
0320260004     0.     0.     0.     1.    22.    78.   199.   144.    24.     0.     0.     0.   
0320260005     0.     0.     0.     1.    15.    72.   172.   139.    19.     1.     0.     0.   
0320260006     0.     0.     0.     1.    20.    82.   173.   135.    20.     1.     0.     0.   
0320260007     0.     0.     0.     1.    22.    90.   181.   138.    19.     0.     0.     0.   
0320260008     0.     0.     0.     1.    25.    90.   169.   138.    20.     0.     0.     0.   
0320260009     0.     0.     0.     1.    20.    85.   174.   142.    23.     0.     0.     0.   
0320260010     0.     0.     0.     1.    18.    88.   173.   136.    28.     0.     0.     0.   
0320260031     0.     0.     0.     1.    20.    79.   174.   130.    21.     0.     0.     0.   
0320260032     0.     0.     0.     1.    19.    79.   174.   129.    21.     0.     0.     0.   
0330260001     0.     0.     1.     0.    46.   129.   243.   184.    77.     5.     0.     0.   
0330260002     0.     0.     1.     0.    47.   147.   257.   197.    81.     5.     0.     0.   
0330260003     0.     0.     1.     1.    46.   157.   256.   196.    81.     6.     0.     0.   
0330260004     0.     0.     1.     1.    49.   164.   260.   208.    77.     6.     0.     0.   
0330260005     0.     0.     1.     1.    51.   153.   238.   190.    69.     7.     0.     0.   
0330260006     0.     0.     0.     1.    50.   143.   233.   190.    72.     5.     0.     0.   
0330260007     0.     0.     0.     1.    50.   139.   235.   186.    68.     5.     0.     0.   
0330260008     0.     0.     1.     1.    51.   144.   243.   195.    65.     5.     0.     0.   
0330260009     0.     0.     0.     1.    52.   154.   247.   211.    69.     6.     0.     0.   
0330260010     0.     0.     1.     1.    62.   164.   258.   218.    82.     7.     0.     0.   
0330260031     0.     0.     1.     1.    49.   145.   246.   193.    73.     5.     0.     0.   
0330260032     0.     0.     1.     1.    50.   148.   247.   199.    75.     6.     0.     0.   
0340260001     0.     1.    16.    33.   141.   365.   514.   504.   284.    53.     2.     0.   
0340260002     1.     2.    13.    34.   151.   387.   546.   522.   297.    64.     2.     0.   
0340260003     1.     2.    12.    41.   147.   383.   533.   528.   291.    71.     2.     0.   
0340260004     0.     2.    10.    37.   152.   390.   543.   530.   292.    70.     1.     0.   
0340260005     0.     1.     8.    42.   154.   369.   523.   501.   264.    62.     1.     0.   
0340260006     0.     1.    10.    39.   152.   366.   533.   492.   266.    57.     1.     0.   
0340260007     0.     1.    11.    39.   146.   349.   522.   480.   250.    51.     2.     0.   
0340260008     0.     2.    12.    32.   142.   349.   520.   487.   253.    50.     2.     0.   
0340260009     0.     2.    13.    34.   145.   350.   514.   499.   249.    47.     3.     0.   
0340260010     0.     3.    17.    35.   150.   371.   528.   498.   263.    51.     3.     0.   
0340260031     0.     2.    12.    35.   147.   365.   526.   503.   272.    57.     2.     0.   
0340260032     0.     1.    12.    36.   149.   366.   523.   504.   272.    57.     2.     0.   
0350260001     0.     0.     0.     0.     1.     7.    56.    52.    10.     0.     0.     0.   
0350260002     0.     0.     0.     0.     2.    10.    59.    59.    14.     0.     0.     0.   
0350260003     0.     0.     0.     0.     2.    10.    63.    57.    17.     0.     0.     0.   
0350260004     0.     0.     0.     0.     2.    10.    66.    55.    21.     0.     0.     0.   
0350260005     0.     0.     0.     0.     1.    10.    64.    55.    22.     0.     0.     0.   
0350260006     0.     0.     0.     0.     1.    11.    64.    58.    23.     0.     0.     0.   
0350260007     0.     0.     0.     0.     0.    12.    61.    66.    21.     0.     0.     0.   
0350260008     0.     0.     0.     0.     2.    11.    67.    70.    25.     0.     0.     0.   
0350260009     0.     0.     0.     0.     2.    12.    80.    77.    26.     0.     0.     0.   
0350260010     0.     0.     0.     0.     3.    14.    93.    91.    31.     0.     0.     0.   
0350260031     0.     0.     0.     0.     1.    10.    63.    60.    19.     0.     0.     0.   
0350260032     0.     0.     0.     0.     1.    10.    66.    61.    19.     0.     0.     0.   
0360260001     0.     0.     0.     0.    26.    99.   213.   152.    51.     2.     0.     0.   
0360260002     0.     0.     0.     0.    28.   111.   221.   168.    53.     2.     0.     0.   
0360260003     0.     0.     0.     0.    27.   120.   224.   167.    54.     2.     0.     0.   
0360260004     0.     0.     0.     0.    29.   120.   230.   179.    49.     3.     0.     0.   
0360260005     0.     0.     0.     0.    28.   115.   219.   168.    48.     3.     0.     0.   
0360260006     0.     0.     0.     0.    26.   107.   214.   176.    51.     3.     0.     0.   
0360260007     0.     0.     0.     0.    26.   106.   216.   175.    48.     3.     0.     0.   
0360260008     0.     0.     0.     0.    28.   111.   225.   182.    46.     2.     0.     0.   
0360260009     0.     0.     0.     0.    30.   125.   235.   196.    52.     3.     0.     0.   
0360260010     0.     0.     0.     0.    38.   134.   255.   208.    66.     4.     0.     0.   
0360260031     0.     0.     0.     0.    28.   110.   221.   170.    49.     2.     0.     0.   
0360260032     0.     0.     0.     0.    29.   114.   223.   177.    52.     3.     0.     0.   
0370260001     0.     0.     0.     0.     2.    38.   147.   103.    20.     0.     0.     0.   
0370260002     0.     0.     0.     0.     3.    42.   150.   121.    22.     0.     0.     0.   
0370260003     0.     0.     0.     0.     3.    51.   161.   129.    26.     0.     0.     0.   
0370260004     0.     0.     0.     0.     4.    53.   176.   142.    26.     0.     0.     0.   
0370260005     0.     0.     0.     0.     4.    56.   180.   138.    27.     0.     0.     0.   
0370260006     0.     0.     0.     0.     4.    56.   182.   148.    26.     0.     0.     0.   
0370260007     0.     0.     0.     0.     4.    58.   185.   154.    26.     0.     0.     0.   
0370260008     0.     0.     0.     0.     5.    66.   198.   164.    27.     0.     0.     0.   
0370260009     0.     0.     0.     0.     6.    75.   206.   177.    34.     1.     0.     0.   
0370260010     0.     0.     0.     0.     8.    80.   231.   196.    46.     1.     0.     0.   
0370260031     0.     0.     0.     0.     4.    53.   173.   136.    25.     0.     0.     0.   
0370260032     0.     0.     0.     0.     4.    55.   176.   142.    27.     0.     0.     0.   
0380260001     8.     3.    22.    29.   182.   353.   449.   417.   277.    67.     5.     2.   
0380260002    11.     4.    18.    29.   180.   370.   455.   423.   285.    73.     5.     4.   
0380260003    12.     4.    21.    34.   182.   382.   456.   420.   287.    71.     6.     4.   
0380260004    12.     4.    18.    35.   196.   386.   462.   431.   268.    72.     6.     3.   
0380260005     8.     3.    16.    39.   193.   361.   447.   419.   247.    66.     5.     2.   
0380260006     7.     2.    16.    35.   180.   335.   446.   422.   253.    57.     6.     3.   
0380260007     6.     2.    18.    32.   168.   335.   447.   415.   243.    60.     9.     3.   
0380260008     8.     3.    21.    32.   169.   345.   469.   422.   249.    61.    10.     4.   
0380260009     7.     3.    21.    36.   176.   368.   478.   440.   250.    68.    11.     4.   
0380260010     9.     5.    25.    42.   191.   374.   488.   447.   273.    76.     9.     6.   
0380260031     9.     3.    20.    32.   182.   357.   457.   421.   261.    65.     7.     3.   
0380260032     9.     3.    20.    33.   184.   362.   459.   428.   264.    66.     7.     3.   
0390260001     0.     0.     1.     1.    27.   112.   235.   173.    48.     1.     0.     0.   
0390260002     0.     0.     0.     1.    37.   139.   286.   196.    60.     2.     0.     0.   
0390260003     0.     0.     0.     1.    38.   132.   287.   214.    61.     2.     0.     0.   
0390260004     0.     0.     0.     1.    39.   137.   290.   222.    61.     2.     0.     0.   
0390260005     0.     0.     0.     1.    32.   121.   253.   206.    46.     2.     0.     0.   
0390260006     0.     0.     0.     1.    33.   134.   262.   202.    49.     2.     0.     0.   
0390260007     0.     0.     0.     1.    36.   138.   269.   199.    47.     1.     0.     0.   
0390260008     0.     0.     0.     1.    36.   137.   254.   199.    51.     0.     0.     0.   
0390260009     0.     0.     0.     2.    34.   133.   258.   202.    54.     0.     0.     0.   
0390260010     0.     0.     1.     1.    31.   139.   258.   195.    62.     1.     0.     0.   
0390260031     0.     0.     0.     1.    34.   129.   259.   197.    52.     1.     0.     0.   
0390260032     0.     0.     0.     1.    33.   128.   259.   197.    53.     1.     0.     0.   
0400260001     2.     1.    13.    16.   113.   271.   375.   340.   203.    34.     1.     0.   
0400260002     3.     1.    11.    15.   115.   285.   386.   350.   214.    38.     1.     1.   
0400260003     3.     1.    12.    17.   114.   291.   388.   351.   206.    38.     1.     1.   
0400260004     3.     1.    10.    17.   122.   294.   392.   362.   190.    37.     1.     1.   
0400260005     2.     1.     9.    20.   122.   276.   373.   340.   171.    34.     0.     0.   
0400260006     1.     1.     8.    18.   113.   258.   370.   338.   176.    28.     0.     1.   
0400260007     1.     1.    10.    16.   106.   251.   364.   328.   166.    29.     1.     1.   
0400260008     2.     1.    10.    14.   105.   256.   380.   337.   167.    30.     1.     1.   
0400260009     2.     1.    11.    18.   113.   270.   383.   356.   169.    32.     1.     0.   
0400260010     2.     1.    13.    20.   125.   280.   391.   358.   188.    35.     1.     1.   
0400260031     2.     1.    11.    16.   114.   271.   379.   343.   184.    33.     1.     0.   
0400260032     2.     1.    11.    17.   116.   274.   378.   349.   187.    33.     1.     0.   
0410260001    15.    14.    57.   109.   267.   466.   560.   567.   390.   145.    36.     7.   
0410260002    15.    16.    49.   107.   271.   470.   572.   569.   394.   161.    31.     9.   
0410260003    14.    17.    48.   115.   279.   470.   565.   574.   391.   170.    33.    10.   
0410260004    15.    16.    46.   110.   282.   477.   574.   574.   389.   169.    27.    10.   
0410260005    12.    14.    41.   123.   283.   464.   571.   568.   377.   156.    31.     9.   
0410260006    11.    13.    47.   119.   276.   460.   570.   553.   375.   146.    30.     8.   
0410260007    10.    12.    50.   121.   273.   443.   554.   544.   364.   144.    38.     9.   
0410260008    13.    17.    57.   108.   280.   451.   559.   546.   369.   149.    38.     9.   
0410260009    15.    18.    58.   117.   297.   462.   561.   567.   374.   156.    43.    10.   
0410260010    17.    23.    70.   124.   307.   484.   582.   584.   395.   167.    44.    11.   
0410260031    14.    15.    52.   112.   276.   462.   565.   561.   381.   153.    34.     9.   
0410260032    14.    15.    53.   114.   281.   465.   564.   563.   381.   154.    35.     9.   
0420260001     0.     0.     0.     1.     9.    61.   157.   116.    24.     2.     0.     0.   
0420260002     0.     0.     0.     1.    13.    71.   177.   129.    30.     2.     0.     0.   
0420260003     0.     0.     0.     2.    14.    64.   182.   133.    34.     2.     0.     0.   
0420260004     0.     0.     0.     1.    14.    65.   184.   138.    39.     2.     0.     0.   
0420260005     0.     0.     0.     1.    12.    55.   175.   132.    36.     3.     0.     0.   
0420260006     0.     0.     0.     1.    11.    65.   179.   127.    34.     2.     0.     0.   
0420260007     0.     0.     0.     1.    11.    69.   178.   131.    32.     2.     0.     0.   
0420260008     0.     0.     0.     1.    12.    74.   177.   142.    34.     2.     0.     0.   
0420260009     0.     0.     0.     2.    15.    78.   200.   158.    39.     2.     0.     0.   
0420260010     0.     0.     0.     1.    15.    86.   217.   172.    44.     3.     0.     0.   
0420260031     0.     0.     0.     1.    12.    65.   173.   132.    32.     2.     0.     0.   
0420260032     0.     0.     0.     1.    12.    67.   178.   134.    33.     2.     0.     0.   
0430260001     0.     0.     0.     0.     3.    13.    78.    43.     4.     0.     0.     0.   
0430260002     0.     0.     0.     0.     3.    16.    83.    54.     4.     0.     0.     0.   
0430260003     0.     0.     0.     0.     2.    22.    85.    58.     5.     0.     0.     0.   
0430260004     0.     0.     0.     0.     3.    23.    89.    62.     5.     0.     0.     0.   
0430260005     0.     0.     0.     0.     3.    22.    85.    56.     6.     0.     0.     0.   
0430260006     0.     0.     0.     0.     4.    20.    82.    55.     5.     0.     0.     0.   
0430260007     0.     0.     0.     0.     4.    18.    83.    56.     4.     0.     0.     0.   
0430260008     0.     0.     0.     0.     5.    21.    86.    60.     3.     0.     0.     0.   
0430260009     0.     0.     0.     0.     4.    25.    90.    68.     6.     0.     0.     0.   
0430260010     0.     0.     0.     0.     5.    26.   104.    78.    10.     0.     0.     0.   
0430260031     0.     0.     0.     0.     4.    19.    83.    54.     4.     0.     0.     0.   
0430260032     0.     0.     0.     0.     4.    20.    85.    57.     5.     0.     0.     0.   
0440260001     0.     0.     2.     2.    63.   184.   310.   250.   124.    15.     0.     0.   
0440260002     1.     0.     2.     2.    64.   202.   313.   265.   131.    16.     0.     0.   
0440260003     1.     0.     3.     2.    66.   217.   320.   265.   136.    16.     0.     0.   
0440260004     1.     0.     2.     3.    73.   220.   330.   281.   127.    17.     0.     0.   
0440260005     1.     0.     2.     3.    72.   204.   317.   269.   116.    17.     0.     0.   
0440260006     0.     0.     1.     3.    63.   187.   311.   278.   119.    13.     0.     0.   
0440260007     0.     0.     1.     2.    59.   191.   311.   272.   113.    14.     0.     0.   
0440260008     0.     0.     2.     3.    60.   198.   329.   279.   117.    14.     0.     0.   
0440260009     0.     0.     2.     4.    65.   219.   341.   295.   119.    16.     0.     0.   
0440260010     0.     0.     3.     6.    77.   225.   356.   305.   139.    18.     0.     0.   
0440260031     1.     0.     2.     3.    65.   199.   320.   269.   121.    15.     0.     0.   
0440260032     1.     0.     2.     3.    66.   203.   322.   278.   124.    15.     0.     0.   
0450260001     0.     0.     0.     0.     2.    11.    52.    43.     6.     0.     0.     0.   
0450260002     0.     0.     0.     0.     2.    13.    52.    47.     8.     0.     0.     0.   
0450260003     0.     0.     0.     0.     3.    13.    55.    46.     9.     0.     0.     0.   
0450260004     0.     0.     0.     0.     3.    13.    56.    43.    11.     0.     0.     0.   
0450260005     0.     0.     0.     0.     2.    14.    57.    45.    11.     0.     0.     0.   
0450260006     0.     0.     0.     0.     2.    14.    55.    48.    12.     0.     0.     0.   
0450260007     0.     0.     0.     0.     2.    15.    52.    55.    12.     0.     0.     0.   
0450260008     0.     0.     0.     0.     2.    13.    55.    59.    14.     0.     0.     0.   
0450260009     0.     0.     0.     0.     2.    15.    65.    64.    14.     0.     0.     0.   
0450260010     0.     0.     0.     0.     3.    16.    74.    73.    16.     0.     0.     0.   
0450260031     0.     0.     0.     0.     2.    13.    54.    49.    10.     0.     0.     0.   
0450260032     0.     0.     0.     0.     2.    13.    56.    50.    10.     0.     0.     0.   
0460260001     0.     0.     2.     1.    51.   135.   238.   190.    88.     9.     0.     0.   
0460260002     1.     0.     2.     1.    49.   147.   244.   199.    93.     9.     0.     0.   
0460260003     1.     0.     2.     2.    50.   160.   249.   199.    94.     9.     0.     0.   
0460260004     1.     0.     2.     2.    55.   165.   257.   214.    86.    10.     0.     0.   
0460260005     0.     0.     1.     2.    55.   152.   239.   198.    77.    10.     0.     0.   
0460260006     0.     0.     1.     2.    49.   133.   229.   200.    80.     7.     0.     0.   
0460260007     0.     0.     1.     1.    46.   129.   226.   194.    74.     8.     0.     0.   
0460260008     0.     0.     2.     1.    46.   136.   239.   203.    73.     8.     0.     0.   
0460260009     0.     0.     1.     3.    49.   148.   244.   219.    75.     9.     0.     0.   
0460260010     0.     0.     2.     3.    60.   156.   255.   225.    91.    10.     0.     0.   
0460260031     0.     0.     2.     2.    51.   144.   242.   200.    82.     9.     0.     0.   
0460260032     0.     0.     2.     2.    52.   147.   242.   207.    84.     9.     0.     0.   
0470260001     0.     0.     0.     0.    21.    86.   180.   123.    26.     2.     0.     0.   
0470260002     0.     0.     0.     0.    25.   100.   203.   136.    30.     2.     0.     0.   
0470260003     0.     0.     0.     0.    24.   102.   201.   149.    30.     3.     0.     0.   
0470260004     0.     0.     0.     0.    25.   103.   199.   159.    27.     3.     0.     0.   
0470260005     0.     0.     0.     0.    23.    93.   174.   146.    21.     3.     0.     0.   
0470260006     0.     0.     0.     0.    25.    93.   176.   136.    21.     3.     0.     0.   
0470260007     0.     0.     0.     0.    27.    95.   185.   134.    20.     2.     0.     0.   
0470260008     0.     0.     0.     0.    28.    99.   184.   140.    22.     1.     0.     0.   
0470260009     0.     0.     0.     0.    26.   104.   187.   151.    27.     1.     0.     0.   
0470260010     0.     0.     0.     0.    27.   106.   192.   152.    34.     2.     0.     0.   
0470260031     0.     0.     0.     0.    25.    96.   186.   139.    24.     2.     0.     0.   
0470260032     0.     0.     0.     0.    25.    97.   186.   142.    26.     2.     0.     0.   
0480260001     0.     0.     0.     0.     1.    27.    84.    52.     8.     0.     0.     0.   
0480260002     0.     0.     0.     0.     2.    36.   107.    60.    11.     0.     0.     0.   
0480260003     0.     0.     0.     0.     3.    31.   110.    70.    11.     0.     0.     0.   
0480260004     0.     0.     0.     0.     3.    35.   116.    74.    13.     0.     0.     0.   
0480260005     0.     0.     0.     0.     2.    28.   103.    71.    12.     0.     0.     0.   
0480260006     0.     0.     0.     0.     2.    35.   105.    65.    12.     0.     0.     0.   
0480260007     0.     0.     0.     0.     2.    37.   107.    68.    11.     0.     0.     0.   
0480260008     0.     0.     0.     0.     2.    39.   103.    74.    12.     0.     0.     0.   
0480260009     0.     0.     0.     0.     2.    39.   120.    83.    14.     0.     0.     0.   
0480260010     0.     0.     0.     0.     2.    43.   128.    87.    18.     0.     0.     0.   
0480260031     0.     0.     0.     0.     2.    33.   102.    67.    11.     0.     0.     0.   
0480260032     0.     0.     0.     0.     2.    34.   104.    68.    12.     0.     0.     0.   
0500260004 -9999. -9999. -9999. -9999. -9999. -9999. -9999. -9999. -9999. -9999. -9999. -9999.   
0500260005 -9999. -9999. -9999. -9999. -9999. -9999. -9999. -9999. -9999. -9999. -9999. -9999.   
0500260006 -9999. -9999. -9999. -9999. -9999. -9999. -9999. -9999. -9999. -9999. -9999. -9999.   
0500260007 -9999. -9999. -9999. -9999. -9999. -9999. -9999. -9999. -9999. -9999. -9999. -9999.   
0500260008 -9999. -9999. -9999. -9999. -9999. -9999. -9999. -9999. -9999. -9999. -9999. -9999.   
0500260009 -9999. -9999. -9999. -9999. -9999. -9999. -9999. -9999. -9999. -9999. -9999. -9999.   
0500260010 -9999. -9999. -9999. -9999. -9999. -9999. -9999. -9999. -9999. -9999. -9999. -9999.   
1010260001     0.     0.     0.     0.     4.    39.   142.    90.    15.     0.     0.     0.   
1010260002     0.     0.     0.     0.     5.    44.   146.   109.    16.     0.     0.     0.   
1010260003     0.     0.     0.     0.     4.    54.   154.   116.    19.     0.     0.     0.   
1010260004     0.     0.     0.     0.     5.    54.   164.   125.    19.     0.     0.     0.   
1010260005     0.     0.     0.     0.     5.    55.   163.   119.    19.     0.     0.     0.   
1010260006     0.     0.     0.     0.     5.    53.   163.   124.    18.     0.     0.     0.   
1010260007     0.     0.     0.     0.     5.    53.   165.   128.    17.     0.     0.     0.   
1010260008     0.     0.     0.     0.     6.    59.   175.   136.    18.     0.     0.     0.   
1010260009     0.     0.     0.     0.     6.    65.   181.   148.    24.     0.     0.     0.   
1010260010     0.     0.     0.     0.     9.    70.   204.   166.    35.     1.     0.     0.   
1010260031     0.     0.     0.     0.     5.    51.   160.   117.    17.     0.     0.     0.   
1010260032     0.     0.     0.     0.     5.    53.   161.   122.    19.     0.     0.     0.   
1020260001     0.     0.     0.     0.    16.    80.   199.   142.    43.     2.     0.     0.   
1020260002     0.     0.     0.     0.    18.    90.   206.   160.    45.     2.     0.     0.   
1020260003     0.     0.     0.     0.    17.   101.   214.   164.    49.     2.     0.     0.   
1020260004     0.     0.     0.     0.    19.   104.   225.   178.    47.     3.     0.     0.   
1020260005     0.     0.     0.     0.    18.   102.   218.   171.    48.     3.     0.     0.   
1020260006     0.     0.     0.     0.    17.    96.   216.   179.    49.     2.     0.     0.   
1020260007     0.     0.     0.     0.    18.    96.   218.   180.    47.     2.     0.     0.   
1020260008     0.     0.     0.     0.    20.   102.   228.   186.    45.     2.     0.     0.   
1020260009     0.     0.     0.     0.    22.   115.   238.   199.    53.     3.     0.     0.   
1020260010     0.     0.     0.     0.    28.   123.   260.   214.    68.     4.     0.     0.   
1020260031     0.     0.     0.     0.    18.    96.   216.   168.    46.     2.     0.     0.   
1020260032     0.     0.     0.     0.    19.    99.   218.   175.    48.     2.     0.     0.   
1030260001     0.     0.     1.     1.    42.   125.   238.   179.    64.     5.     0.     0.   
1030260002     0.     0.     1.     1.    45.   144.   258.   195.    70.     6.     0.     0.   
1030260003     0.     0.     1.     1.    44.   150.   256.   200.    70.     7.     0.     0.   
1030260004     0.     0.     1.     1.    47.   157.   258.   211.    66.     7.     0.     0.   
1030260005     0.     0.     1.     1.    47.   148.   233.   192.    58.     8.     0.     0.   
1030260006     0.     0.     0.     1.    48.   142.   231.   187.    60.     6.     0.     0.   
1030260007     0.     0.     1.     1.    50.   141.   236.   183.    58.     6.     0.     0.   
1030260008     0.     0.     1.     1.    51.   145.   241.   192.    57.     5.     0.     0.   
1030260009     0.     0.     1.     1.    51.   152.   244.   205.    61.     5.     0.     0.   
1030260010     0.     0.     1.     1.    57.   159.   250.   209.    72.     6.     0.     0.   
1030260031     0.     0.     1.     1.    47.   142.   243.   191.    62.     6.     0.     0.   
1030260032     0.     0.     1.     1.    48.   144.   243.   196.    64.     6.     0.     0.   
1040260001     0.     0.     3.     4.    55.   166.   293.   242.    92.     9.     0.     0.   
1040260002     0.     0.     2.     4.    62.   191.   332.   261.   105.    12.     0.     0.   
1040260003     0.     0.     3.     5.    60.   187.   324.   268.   103.    14.     0.     0.   
1040260004     0.     0.     2.     5.    63.   197.   328.   277.   102.    15.     0.     0.   
1040260005     0.     0.     2.     6.    62.   180.   296.   255.    85.    14.     0.     0.   
1040260006     0.     0.     2.     5.    64.   185.   305.   249.    87.    12.     0.     0.   
1040260007     0.     0.     3.     6.    64.   183.   308.   242.    83.    11.     0.     0.   
1040260008     0.     0.     3.     5.    63.   185.   303.   250.    86.     9.     0.     0.   
1040260009     0.     0.     3.     6.    63.   185.   301.   257.    88.     8.     0.     0.   
1040260010     0.     0.     4.     6.    64.   195.   304.   252.    98.     9.     0.     0.   
1040260031     0.     0.     3.     5.    61.   182.   306.   253.    91.    12.     0.     0.   
1040260032     0.     0.     3.     5.    62.   182.   305.   255.    92.    11.     0.     0.   
1050260001    28.    24.    45.    65.   177.   309.   401.   374.   264.   113.    38.    23.   
1050260002    31.    26.    40.    64.   175.   320.   406.   382.   269.   117.    38.    26.   
1050260003    33.    29.    43.    70.   178.   332.   410.   382.   274.   116.    41.    29.   
1050260004    32.    29.    41.    71.   188.   335.   416.   393.   265.   118.    42.    28.   
1050260005    28.    26.    42.    77.   188.   322.   407.   385.   256.   116.    42.    26.   
1050260006    27.    24.    44.    74.   182.   307.   406.   389.   260.   111.    43.    25.   
1050260007    27.    25.    46.    71.   177.   310.   408.   386.   255.   115.    49.    28.   
1050260008    31.    28.    50.    70.   181.   320.   425.   393.   260.   119.    55.    31.   
1050260009    29.    31.    50.    73.   189.   338.   435.   409.   263.   127.    56.    32.   
1050260010    32.    35.    56.    85.   203.   346.   448.   419.   282.   135.    56.    38.   
1050260031    29.    26.    45.    69.   182.   319.   412.   385.   261.   116.    44.    27.   
1050260032    29.    26.    46.    70.   184.   323.   414.   391.   264.   117.    45.    27.   
1060260001     6.     3.    21.    29.   142.   309.   408.   379.   242.    53.     5.     2.   
1060260002     8.     4.    17.    29.   143.   320.   416.   384.   249.    59.     4.     3.   
1060260003     9.     5.    18.    32.   143.   324.   415.   384.   242.    58.     4.     3.   
1060260004     9.     5.    16.    30.   151.   326.   418.   392.   225.    57.     4.     3.   
1060260005     6.     4.    14.    36.   150.   308.   399.   371.   206.    51.     3.     2.   
1060260006     4.     3.    14.    32.   140.   290.   397.   368.   211.    43.     3.     2.   
1060260007     4.     2.    15.    30.   132.   283.   390.   359.   201.    44.     5.     2.   
1060260008     5.     3.    17.    26.   133.   289.   406.   370.   203.    46.     5.     3.   
1060260009     5.     3.    17.    29.   142.   303.   410.   387.   206.    49.     6.     2.   
1060260010     6.     5.    21.    33.   153.   313.   417.   390.   225.    54.     5.     3.   
1060260031     6.     4.    17.    29.   142.   305.   407.   376.   220.    51.     4.     2.   
1060260032     6.     3.    17.    30.   145.   308.   407.   381.   223.    51.     5.     2.   
1070260001    14.    13.    51.    95.   246.   444.   543.   546.   371.   129.    30.     7.   
1070260002    14.    15.    44.    94.   249.   451.   556.   549.   376.   145.    26.     8.   
1070260003    14.    15.    43.   102.   255.   451.   550.   554.   371.   152.    27.     9.   
1070260004    15.    14.    40.    96.   259.   457.   558.   554.   368.   150.    23.     9.   
1070260005    12.    12.    36.   108.   261.   444.   552.   544.   354.   138.    25.     8.   
1070260006    11.    11.    41.   104.   254.   439.   553.   531.   353.   129.    25.     7.   
1070260007     9.    10.    43.   105.   250.   423.   539.   523.   342.   127.    32.     8.   
1070260008    12.    14.    49.    93.   256.   430.   545.   528.   347.   131.    32.     8.   
1070260009    14.    16.    50.   101.   271.   440.   546.   547.   351.   137.    36.     9.   
1070260010    15.    20.    60.   108.   280.   461.   564.   560.   371.   147.    37.    10.   
1070260031    13.    13.    45.    98.   254.   441.   548.   541.   360.   136.    29.     8.   
1070260032    13.    13.    46.    99.   258.   444.   548.   543.   360.   136.    29.     8.   
1080260001     0.     2.     8.    27.    83.   212.   323.   283.   158.    45.     5.     0.   
1080260002     0.     2.     8.    29.    92.   223.   341.   291.   167.    48.     5.     0.   
1080260003     0.     2.     7.    32.    98.   215.   349.   296.   175.    52.     5.     0.   
1080260004     0.     2.     7.    34.    97.   220.   353.   300.   183.    56.     5.     0.   
1080260005     0.     2.     6.    31.    94.   209.   346.   295.   177.    57.     5.     0.   
1080260006     0.     2.     7.    28.    92.   223.   352.   293.   175.    58.     5.     0.   
1080260007     0.     2.     8.    32.    97.   227.   349.   296.   168.    56.     5.     0.   
1080260008     0.     3.    10.    35.   102.   235.   347.   307.   178.    58.     5.     0.   
1080260009     1.     3.    12.    39.   116.   243.   365.   322.   187.    61.     8.     0.   
1080260010     1.     3.    15.    41.   116.   257.   382.   339.   200.    68.    10.     0.   
1080260031     0.     2.     8.    32.    94.   220.   342.   297.   172.    53.     5.     0.   
1080260032     0.     2.     9.    32.    97.   224.   346.   299.   174.    54.     6.     0.   
1090260001     0.     0.     1.     4.    16.    65.   161.   151.    71.    13.     1.     0.   
1090260002     0.     0.     1.     5.    21.    71.   172.   163.    79.    15.     1.     0.   
1090260003     0.     0.     1.     6.    24.    68.   176.   163.    87.    16.     2.     0.   
1090260004     0.     0.     1.     6.    24.    67.   180.   163.   100.    19.     2.     0.   
1090260005     0.     0.     1.     5.    21.    64.   175.   165.   100.    21.     2.     0.   
1090260006     0.     0.     1.     5.    21.    72.   180.   172.   102.    23.     1.     0.   
1090260007     0.     0.     1.     7.    23.    79.   181.   182.   102.    25.     1.     0.   
1090260008     0.     0.     2.     8.    28.    84.   184.   189.   111.    26.     2.     0.   
1090260009     1.     0.     2.     9.    34.    90.   201.   202.   120.    28.     3.     0.   
1090260010     1.     1.     3.    10.    36.    99.   215.   220.   135.    36.     4.     0.   
1090260031     0.     0.     1.     6.    22.    71.   175.   170.    94.    20.     2.     0.   
1090260032     0.     0.     1.     6.    24.    74.   179.   171.    96.    20.     2.     0.   
1100260001     8.     7.    18.    30.    95.   203.   307.   274.   158.    49.    12.     5.   
1100260002     9.     8.    16.    30.    98.   214.   320.   286.   164.    53.    12.     6.   
1100260003     9.     8.    16.    32.   100.   218.   321.   289.   166.    54.    12.     7.   
1100260004     9.     8.    15.    32.   103.   222.   327.   296.   165.    55.    12.     7.   
1100260005     7.     7.    14.    35.   103.   212.   316.   287.   157.    53.    12.     6.   
1100260006     7.     7.    16.    33.   100.   209.   317.   287.   159.    51.    13.     6.   
1100260007     7.     7.    17.    33.    99.   208.   316.   286.   155.    51.    15.     7.   
1100260008     8.     8.    18.    32.   102.   214.   324.   293.   159.    53.    16.     7.   
1100260009     8.     9.    19.    34.   109.   225.   332.   307.   164.    56.    17.     8.   
1100260010     9.    10.    22.    38.   115.   235.   346.   318.   179.    61.    17.     9.   
1100260031     8.     7.    17.    32.   100.   211.   318.   287.   159.    52.    13.     6.   
1100260032     8.     7.    17.    32.   102.   214.   320.   291.   161.    53.    14.     6.   
1210260001     1.     0.     2.     3.    43.   128.   244.   189.    82.    10.     0.     0.   
1210260002     1.     0.     2.     3.    44.   141.   251.   206.    86.    11.     0.     0.   
1210260003     1.     0.     3.     3.    44.   153.   257.   207.    89.    11.     0.     0.   
1210260004     1.     0.     2.     4.    48.   156.   266.   220.    84.    12.     0.     0.   
1210260005     1.     0.     2.     4.    47.   148.   256.   210.    79.    11.     0.     0.   
1210260006     1.     0.     2.     4.    44.   137.   253.   217.    81.     9.     0.     0.   
1210260007     0.     0.     2.     3.    42.   138.   255.   216.    77.    10.     1.     0.   
1210260008     1.     0.     2.     3.    43.   145.   267.   223.    78.    10.     1.     0.   
1210260009     1.     0.     2.     4.    46.   159.   276.   237.    83.    11.     1.     0.   
1210260010     1.     0.     3.     5.    54.   167.   295.   250.    99.    13.     1.     1.   
1210260031     1.     0.     2.     3.    45.   142.   257.   210.    81.    10.     0.     0.   
1210260032     1.     0.     2.     3.    45.   142.   257.   210.    81.    10.     0.     0.   
1220260001    27.    24.    58.    94.   233.   402.   487.   482.   347.   141.    42.    20.   
1220260002    30.    27.    50.    93.   233.   407.   495.   485.   351.   152.    40.    23.   
1220260003    31.    29.    52.   100.   238.   411.   493.   488.   349.   155.    43.    25.   
1220260004    30.    28.    49.    98.   245.   416.   499.   493.   343.   154.    42.    25.   
1220260005    26.    26.    48.   108.   247.   404.   493.   484.   332.   147.    43.    23.   
1220260006    25.    23.    52.   104.   241.   396.   494.   477.   334.   139.    44.    22.   
1220260007    24.    23.    55.   102.   236.   388.   487.   471.   325.   141.    51.    24.   
1220260008    29.    28.    59.    96.   241.   396.   498.   478.   331.   146.    55.    27.   
1220260009    28.    30.    60.   101.   254.   409.   502.   495.   335.   154.    58.    27.   
1220260010    31.    35.    70.   113.   265.   423.   516.   506.   353.   164.    58.    32.   
1220260031    28.    26.    55.    98.   240.   402.   494.   483.   338.   146.    46.    23.   
1220260032    28.    26.    55.    98.   240.   402.   494.   483.   338.   146.    46.    23.   
1230260001     0.     0.     2.     2.    45.   136.   248.   195.    73.     7.     0.     0.   
1230260002     0.     0.     1.     2.    50.   156.   275.   212.    81.     9.     0.     0.   
1230260003     0.     0.     2.     3.    48.   158.   271.   219.    80.    10.     0.     0.   
1230260004     0.     0.     2.     3.    51.   166.   274.   228.    77.    10.     0.     0.   
1230260005     0.     0.     1.     3.    51.   153.   247.   209.    66.    10.     0.     0.   
1230260006     0.     0.     1.     3.    52.   152.   250.   202.    68.     9.     0.     0.   
1230260007     0.     0.     2.     3.    52.   150.   254.   198.    65.     8.     0.     0.   
1230260008     0.     0.     2.     3.    53.   154.   255.   206.    66.     7.     0.     0.   
1230260009     0.     0.     2.     3.    53.   159.   257.   217.    69.     7.     0.     0.   
1230260010     0.     0.     3.     3.    57.   167.   263.   218.    79.     8.     0.     0.   
1230260031     0.     0.     2.     2.    50.   151.   257.   207.    71.     8.     0.     0.   
1230260032     0.     0.     2.     2.    50.   151.   257.   207.    71.     8.     0.     0.   
1240260001     0.     1.     3.    13.    41.   118.   224.   206.   109.    27.     2.     0.   
1240260002     0.     1.     4.    14.    48.   126.   237.   217.   118.    29.     3.     0.   
1240260003     0.     1.     3.    16.    53.   120.   243.   218.   126.    31.     3.     0.   
1240260004     0.     1.     3.    17.    52.   120.   246.   218.   138.    34.     3.     0.   
1240260005     0.     1.     3.    15.    49.   115.   241.   219.   136.    37.     3.     0.   
1240260006     0.     1.     3.    14.    48.   126.   246.   224.   138.    39.     3.     0.   
1240260007     0.     1.     4.    17.    51.   133.   246.   234.   136.    39.     3.     0.   
1240260008     0.     1.     5.    19.    57.   139.   248.   242.   146.    41.     3.     0.   
1240260009     1.     1.     6.    21.    66.   146.   265.   255.   155.    44.     5.     0.   
1240260010     1.     2.     8.    22.    68.   156.   280.   274.   170.    52.     6.     0.   
1240260031     0.     1.     4.    16.    50.   125.   239.   224.   131.    35.     3.     0.   
1240260032     0.     1.     4.    16.    50.   125.   239.   224.   131.    35.     3.     0.   
